lon,lat,nu
65.2,33.4,2e-06
65.2,33.6,3e-06
65.2,33.8,4e-06
65.2,34,4e-06
65.2,34.2,4e-06
65.4,33.2,3e-06
65.4,33.4,5e-06
65.4,33.6,7e-06
65.4,33.8,9e-06
65.4,34,9e-06
65.4,34.2,9e-06
65.4,34.4,7e-06
65.4,34.6,5e-06
65.6,33,3e-06
65.6,33.2,6e-06
65.6,33.4,1e-05
65.6,33.6,1.4e-05
65.6,33.8,1.7e-05
65.6,34,1.9e-05
65.6,34.2,1.7e-05
65.6,34.4,1.4e-05
65.6,34.6,1e-05
65.6,34.8,6e-06
65.8,32.8,3e-06
65.8,33,6e-06
65.8,33.2,1.1e-05
65.8,33.4,1.8e-05
65.8,33.6,2.6e-05
65.8,33.8,3.2e-05
65.8,34,3.4e-05
65.8,34.2,3.2e-05
65.8,34.4,2.6e-05
65.8,34.6,1.9e-05
65.8,34.8,1.2e-05
65.8,35,6e-06
66,32.6,2e-06
66,32.8,5e-06
66,33,1e-05
66,33.2,1.9e-05
66,33.4,3.1e-05
66,33.6,4.4e-05
66,33.8,5.4e-05
66,34,5.7e-05
66,34.2,5.4e-05
66,34.4,4.4e-05
66,34.6,3.1e-05
66,34.8,1.9e-05
66,35,1e-05
66,35.2,5e-06
66,35.4,2e-06
66.2,32.6,3e-06
66.2,32.8,7e-06
66.2,33,1.6e-05
66.2,33.2,2.9e-05
66.2,33.4,4.7e-05
66.2,33.6,6.7e-05
66.2,33.8,8.2e-05
66.2,34,8.8e-05
66.2,34.2,8.2e-05
66.2,34.4,6.7e-05
66.2,34.6,4.7e-05
66.2,34.8,2.9e-05
66.2,35,1.6e-05
66.2,35.2,7e-06
66.2,35.4,3e-06
66.4,32.6,4e-06
66.4,32.8,1e-05
66.4,33,2.2e-05
66.4,33.2,4.1e-05
66.4,33.4,6.6e-05
66.4,33.6,9.3e-05
66.4,33.8,0.000114
66.4,34,0.000122
66.4,34.2,0.000114
66.4,34.4,9.2e-05
66.4,34.6,6.6e-05
66.4,34.8,4.1e-05
66.4,35,2.2e-05
66.4,35.2,1e-05
66.4,35.4,4e-06
66.6,32.6,5e-06
66.6,32.8,1.3e-05
66.6,33,2.8e-05
66.6,33.2,5.2e-05
66.6,33.4,8.4e-05
66.6,33.6,0.000118
66.6,33.8,0.000144
66.6,34,0.000154
66.6,34.2,0.000144
66.6,34.4,0.000117
66.6,34.6,8.3e-05
66.6,34.8,5.1e-05
66.6,35,2.8e-05
66.6,35.2,1.3e-05
66.6,35.4,5e-06
66.8,32.4,2e-06
66.8,32.6,6e-06
66.8,32.8,1.5e-05
66.8,33,3.2e-05
66.8,33.2,6e-05
66.8,33.4,9.7e-05
66.8,33.6,0.000136
66.8,33.8,0.000166
66.8,34,0.000178
66.8,34.2,0.000166
66.8,34.4,0.000135
66.8,34.6,9.5e-05
66.8,34.8,5.9e-05
66.8,35,3.2e-05
66.8,35.2,1.5e-05
66.8,35.4,6e-06
66.8,35.6,2e-06
67,32.4,2e-06
67,32.6,7e-06
67,32.8,1.6e-05
67,33,3.4e-05
67,33.2,6.3e-05
67,33.4,0.000101
67,33.6,0.000142
67,33.8,0.000174
67,34,0.000186
67,34.2,0.000174
67,34.4,0.000141
67,34.6,0.0001
67,34.8,6.2e-05
67,35,3.3e-05
67,35.2,1.6e-05
67,35.4,6e-06
67,35.6,2e-06
67.2,32.4,2e-06
67.2,32.6,6e-06
67.2,32.8,1.5e-05
67.2,33,3.2e-05
67.2,33.2,6e-05
67.2,33.4,9.7e-05
67.2,33.6,0.000136
67.2,33.8,0.000166
67.2,34,0.000178
67.2,34.2,0.000166
67.2,34.4,0.000135
67.2,34.6,9.5e-05
67.2,34.8,5.9e-05
67.2,35,3.2e-05
67.2,35.2,1.5e-05
67.2,35.4,6e-06
67.2,35.6,2e-06
67.4,32.6,5e-06
67.4,32.8,1.3e-05
67.4,33,2.8e-05
67.4,33.2,5.2e-05
67.4,33.4,8.4e-05
67.4,33.6,0.000118
67.4,33.8,0.000144
67.4,34,0.000154
67.4,34.2,0.000144
67.4,34.4,0.000117
67.4,34.6,8.3e-05
67.4,34.8,5.1e-05
67.4,35,2.8e-05
67.4,35.2,1.3e-05
67.4,35.4,5e-06
67.6,32.6,4e-06
67.6,32.8,1e-05
67.6,33,2.2e-05
67.6,33.2,4.1e-05
67.6,33.4,6.6e-05
67.6,33.6,9.3e-05
67.6,33.8,0.000114
67.6,34,0.000122
67.6,34.2,0.000114
67.6,34.4,9.2e-05
67.6,34.6,6.6e-05
67.6,34.8,4.1e-05
67.6,35,2.2e-05
67.6,35.2,1e-05
67.6,35.4,4e-06
67.8,32.6,3e-06
67.8,32.8,7e-06
67.8,33,1.6e-05
67.8,33.2,2.9e-05
67.8,33.4,4.7e-05
67.8,33.6,6.7e-05
67.8,33.8,8.2e-05
67.8,34,8.8e-05
67.8,34.2,8.2e-05
67.8,34.4,6.7e-05
67.8,34.6,4.7e-05
67.8,34.8,2.9e-05
67.8,35,1.6e-05
67.8,35.2,8e-06
67.8,35.4,4e-06
68,32.6,2e-06
68,32.8,5e-06
68,33,1e-05
68,33.2,1.9e-05
68,33.4,3.1e-05
68,33.6,4.4e-05
68,33.8,5.4e-05
68,34,5.7e-05
68,34.2,5.4e-05
68,34.4,4.4e-05
68,34.6,3.1e-05
68,34.8,1.9e-05
68,35,1.1e-05
68,35.2,6e-06
68,35.4,5e-06
68,35.6,6e-06
68,35.8,9e-06
68,36,1.2e-05
68,36.2,1.6e-05
68,36.4,1.7e-05
68,36.6,1.6e-05
68,36.8,1.3e-05
68,37,9e-06
68,37.2,6e-06
68.2,32.8,3e-06
68.2,33,6e-06
68.2,33.2,1.1e-05
68.2,33.4,1.8e-05
68.2,33.6,2.6e-05
68.2,33.8,3.2e-05
68.2,34,3.4e-05
68.2,34.2,3.2e-05
68.2,34.4,2.6e-05
68.2,34.6,1.9e-05
68.2,34.8,1.2e-05
68.2,35,8e-06
68.2,35.2,7e-06
68.2,35.4,9e-06
68.2,35.6,1.5e-05
68.2,35.8,2.4e-05
68.2,36,3.3e-05
68.2,36.2,4.1e-05
68.2,36.4,4.4e-05
68.2,36.6,4.1e-05
68.2,36.8,3.4e-05
68.2,37,2.4e-05
68.2,37.2,1.5e-05
68.2,37.4,8e-06
68.2,37.6,4e-06
68.4,33,3e-06
68.4,33.2,6e-06
68.4,33.4,1e-05
68.4,33.6,1.4e-05
68.4,33.8,1.7e-05
68.4,34,1.9e-05
68.4,34.2,1.7e-05
68.4,34.4,1.4e-05
68.4,34.6,1e-05
68.4,34.8,7e-06
68.4,35,7e-06
68.4,35.2,1.1e-05
68.4,35.4,2.1e-05
68.4,35.6,3.8e-05
68.4,35.8,5.9e-05
68.4,36,8.3e-05
68.4,36.2,0.000101
68.4,36.4,0.000108
68.4,36.6,0.000101
68.4,36.8,8.3e-05
68.4,37,6e-05
68.4,37.2,3.8e-05
68.4,37.4,2.1e-05
68.4,37.6,1.1e-05
68.4,37.8,5e-06
68.4,38,2e-06
68.6,33.2,3e-06
68.6,33.4,5e-06
68.6,33.6,7e-06
68.6,33.8,9e-06
68.6,34,9e-06
68.6,34.2,9e-06
68.6,34.4,7e-06
68.6,34.6,6e-06
68.6,34.8,6e-06
68.6,35,1.1e-05
68.6,35.2,2.3e-05
68.6,35.4,4.7e-05
68.6,35.6,8.5e-05
68.6,35.8,0.000135
68.6,36,0.000188
68.6,36.2,0.00023
68.6,36.4,0.000246
68.6,36.6,0.000231
68.6,36.8,0.00019
68.6,37,0.000138
68.6,37.2,8.8e-05
68.6,37.4,5e-05
68.6,37.6,2.5e-05
68.6,37.8,1.2e-05
68.6,38,5e-06
68.6,38.2,2e-06
68.8,33.4,2e-06
68.8,33.6,3e-06
68.8,33.8,4e-06
68.8,34,4e-06
68.8,34.2,4e-06
68.8,34.4,4e-06
68.8,34.6,4e-06
68.8,34.8,9e-06
68.8,35,2.1e-05
68.8,35.2,4.8e-05
68.8,35.4,9.9e-05
68.8,35.6,0.000179
68.8,35.8,0.000285
68.8,36,0.000397
68.8,36.2,0.000486
68.8,36.4,0.00052
68.8,36.6,0.000489
68.8,36.8,0.000403
68.8,37,0.000292
68.8,37.2,0.000187
68.8,37.4,0.000107
68.8,37.6,5.5e-05
68.8,37.8,2.6e-05
68.8,38,1.2e-05
68.8,38.2,5e-06
68.8,38.4,3e-06
69,34.4,2e-06
69,34.6,5e-06
69,34.8,1.5e-05
69,35,4e-05
69,35.2,9.4e-05
69,35.4,0.000194
69,35.6,0.000352
69,35.8,0.00056
69,36,0.000781
69,36.2,0.000955
69,36.4,0.001024
69,36.6,0.000963
69,36.8,0.000796
69,37,0.000578
69,37.2,0.000372
69,37.4,0.000212
69,37.6,0.00011
69,37.8,5.3e-05
69,38,2.5e-05
69,38.2,1.2e-05
69,38.4,6e-06
69,38.6,4e-06
69,38.8,2e-06
69.2,34.4,2e-06
69.2,34.6,9e-06
69.2,34.8,2.7e-05
69.2,35,7.3e-05
69.2,35.2,0.000171
69.2,35.4,0.000354
69.2,35.6,0.000642
69.2,35.8,0.001023
69.2,36,0.001429
69.2,36.2,0.001749
69.2,36.4,0.001877
69.2,36.6,0.001767
69.2,36.8,0.001462
69.2,37,0.001065
69.2,37.2,0.000686
69.2,37.4,0.000394
69.2,37.6,0.000205
69.2,37.8,9.9e-05
69.2,38,4.8e-05
69.2,38.2,2.4e-05
69.2,38.4,1.3e-05
69.2,38.6,7e-06
69.2,38.8,4e-06
69.2,39,2e-06
69.4,34.4,4e-06
69.4,34.6,1.5e-05
69.4,34.8,4.6e-05
69.4,35,0.000123
69.4,35.2,0.00029
69.4,35.4,0.000601
69.4,35.6,0.001092
69.4,35.8,0.001741
69.4,36,0.002433
69.4,36.2,0.00298
69.4,36.4,0.003201
69.4,36.6,0.003018
69.4,36.8,0.0025
69.4,37,0.001825
69.4,37.2,0.001179
69.4,37.4,0.00068
69.4,37.6,0.000356
69.4,37.8,0.000175
69.4,38,8.5e-05
69.4,38.2,4.4e-05
69.4,38.4,2.5e-05
69.4,38.6,1.4e-05
69.4,38.8,8e-06
69.4,39,4e-06
69.6,34.4,6e-06
69.6,34.6,2.4e-05
69.6,34.8,7.3e-05
69.6,35,0.000194
69.6,35.2,0.000459
69.6,35.4,0.00095
69.6,35.6,0.001728
69.6,35.8,0.002756
69.6,36,0.003855
69.6,36.2,0.004727
69.6,36.4,0.005083
69.6,36.6,0.004797
69.6,36.8,0.00398
69.6,37,0.002911
69.6,37.2,0.001885
69.6,37.4,0.001091
69.6,37.6,0.000575
69.6,37.8,0.000285
69.6,38,0.000141
69.6,38.2,7.5e-05
69.6,38.4,4.3e-05
69.6,38.6,2.5e-05
69.6,38.8,1.4e-05
69.6,39,8e-06
69.6,39.2,4e-06
69.8,34.4,1e-05
69.8,34.6,3.5e-05
69.8,34.8,0.000106
69.8,35,0.000286
69.8,35.2,0.000674
69.8,35.4,0.001397
69.8,35.6,0.002543
69.8,35.8,0.00406
69.8,36,0.005683
69.8,36.2,0.006975
69.8,36.4,0.007508
69.8,36.6,0.007095
69.8,36.8,0.005895
69.8,37,0.00432
69.8,37.2,0.002805
69.8,37.4,0.00163
69.8,37.6,0.000864
69.8,37.8,0.000433
69.8,38,0.000218
69.8,38.2,0.000117
69.8,38.4,6.8e-05
69.8,38.6,4e-05
69.8,38.8,2.3e-05
69.8,39,1.3e-05
69.8,39.2,7e-06
69.8,39.4,3e-06
70,34.2,3e-06
70,34.4,1.4e-05
70,34.6,4.8e-05
70,34.8,0.000145
70,35,0.00039
70,35.2,0.00092
70,35.4,0.00191
70,35.6,0.00348
70,35.8,0.005562
70,36,0.007793
70,36.2,0.009575
70,36.4,0.010318
70,36.6,0.009762
70,36.8,0.008124
70,37,0.005964
70,37.2,0.003884
70,37.4,0.002266
70,37.6,0.001208
70,37.8,0.000611
70,38,0.000311
70,38.2,0.000169
70,38.4,9.9e-05
70,38.6,6e-05
70,38.8,3.5e-05
70,39,2e-05
70,39.2,1.1e-05
70,39.4,6e-06
70,39.6,3e-06
70.2,34.2,4e-06
70.2,34.4,1.7e-05
70.2,34.6,6e-05
70.2,34.8,0.000183
70.2,35,0.000494
70.2,35.2,0.001168
70.2,35.4,0.002427
70.2,35.6,0.004427
70.2,35.8,0.007084
70.2,36,0.009937
70.2,36.2,0.012223
70.2,36.4,0.013188
70.2,36.6,0.012494
70.2,36.8,0.010413
70.2,37,0.00766
70.2,37.2,0.005002
70.2,37.4,0.00293
70.2,37.6,0.001572
70.2,37.8,0.000803
70.2,38,0.000414
70.2,38.2,0.000228
70.2,38.4,0.000136
70.2,38.6,8.3e-05
70.2,38.8,5e-05
70.2,39,2.9e-05
70.2,39.2,1.7e-05
70.2,39.4,1e-05
70.2,39.6,6e-06
70.4,34.2,5e-06
70.4,34.4,2e-05
70.4,34.6,7e-05
70.4,34.8,0.000215
70.4,35,0.000581
70.4,35.2,0.001376
70.4,35.4,0.002865
70.4,35.6,0.005234
70.4,35.8,0.008386
70.4,36,0.01178
70.4,36.2,0.014508
70.4,36.4,0.015674
70.4,36.6,0.014872
70.4,36.8,0.012416
70.4,37,0.009152
70.4,37.2,0.005993
70.4,37.4,0.003526
70.4,37.6,0.001903
70.4,37.8,0.00098
70.4,38,0.000511
70.4,38.2,0.000285
70.4,38.4,0.000172
70.4,38.6,0.000107
70.4,38.8,6.6e-05
70.4,39,4.1e-05
70.4,39.2,2.6e-05
70.4,39.4,1.6e-05
70.4,39.6,1e-05
70.4,39.8,7e-06
70.6,34.2,5e-06
70.6,34.4,2.2e-05
70.6,34.6,7.6e-05
70.6,34.8,0.000235
70.6,35,0.000634
70.6,35.2,0.001506
70.6,35.4,0.003141
70.6,35.6,0.00575
70.6,35.8,0.009227
70.6,36,0.012982
70.6,36.2,0.016012
70.6,36.4,0.017325
70.6,36.6,0.016465
70.6,36.8,0.013772
70.6,37,0.010175
70.6,37.2,0.006684
70.6,37.4,0.003949
70.6,37.6,0.002145
70.6,37.8,0.001115
70.6,38,0.000587
70.6,38.2,0.000331
70.6,38.4,0.000203
70.6,38.6,0.00013
70.6,38.8,8.4e-05
70.6,39,5.6e-05
70.6,39.2,3.8e-05
70.6,39.4,2.6e-05
70.6,39.6,1.8e-05
70.6,39.8,1.2e-05
70.8,34.2,5e-06
70.8,34.4,2.2e-05
70.8,34.6,7.7e-05
70.8,34.8,0.000237
70.8,35,0.000643
70.8,35.2,0.001531
70.8,35.4,0.003201
70.8,35.6,0.00587
70.8,35.8,0.009438
70.8,36,0.013301
70.8,36.2,0.016434
70.8,36.4,0.017812
70.8,36.6,0.016959
70.8,36.8,0.014214
70.8,37,0.010529
70.8,37.2,0.00694
70.8,37.4,0.004119
70.8,37.6,0.002253
70.8,37.8,0.001181
70.8,38,0.000629
70.8,38.2,0.00036
70.8,38.4,0.000225
70.8,38.6,0.00015
70.8,38.8,0.000103
70.8,39,7.5e-05
70.8,39.2,5.5e-05
70.8,39.4,4e-05
70.8,39.6,2.9e-05
70.8,39.8,2e-05
71,34.2,5e-06
71,34.4,2.1e-05
71,34.6,7.2e-05
71,34.8,0.000223
71,35,0.000605
71,35.2,0.001446
71,35.4,0.00303
71,35.6,0.00557
71,35.8,0.008975
71,36,0.012675
71,36.2,0.015691
71,36.4,0.01704
71,36.6,0.016257
71,36.8,0.013659
71,37,0.010146
71,37.2,0.006712
71,37.4,0.004005
71,37.6,0.002205
71,37.8,0.001167
71,38,0.000629
71,38.2,0.000365
71,38.4,0.000235
71,38.6,0.000165
71,38.8,0.000123
71,39,9.7e-05
71,39.2,7.7e-05
71,39.4,5.9e-05
71,39.6,4.3e-05
71,39.8,3e-05
71.2,34.2,4e-06
71.2,34.4,1.8e-05
71.2,34.6,6.3e-05
71.2,34.8,0.000194
71.2,35,0.00053
71.2,35.2,0.001269
71.2,35.4,0.002668
71.2,35.6,0.004917
71.2,35.8,0.007942
71.2,36,0.01124
71.2,36.2,0.013945
71.2,36.4,0.015178
71.2,36.6,0.014515
71.2,36.8,0.012227
71.2,37,0.009111
71.2,37.2,0.006052
71.2,37.4,0.003631
71.2,37.6,0.002014
71.2,37.8,0.001076
71.2,38,0.000588
71.2,38.2,0.000349
71.2,38.4,0.000234
71.2,38.6,0.000176
71.2,38.8,0.000143
71.2,39,0.000122
71.2,39.2,0.000102
71.2,39.4,8.2e-05
71.2,39.6,6.1e-05
71.2,39.8,4.3e-05
71.4,34.4,1.4e-05
71.4,34.6,5e-05
71.4,34.8,0.000157
71.4,35,0.000431
71.4,35.2,0.001037
71.4,35.4,0.002186
71.4,35.6,0.004041
71.4,35.8,0.006543
71.4,36,0.009284
71.4,36.2,0.011547
71.4,36.4,0.012599
71.4,36.6,0.01208
71.4,36.8,0.010205
71.4,37,0.007631
71.4,37.2,0.005091
71.4,37.4,0.003073
71.4,37.6,0.001719
71.4,37.8,0.000928
71.4,38,0.000515
71.4,38.2,0.000315
71.4,38.4,0.000223
71.4,38.6,0.000182
71.4,38.8,0.000162
71.4,39,0.000148
71.4,39.2,0.000129
71.4,39.4,0.000106
71.4,39.6,8e-05
71.4,39.8,5.7e-05
71.6,34.4,1e-05
71.6,34.6,3.8e-05
71.6,34.8,0.000119
71.6,35,0.000327
71.6,35.2,0.000789
71.6,35.4,0.00167
71.6,35.6,0.003095
71.6,35.8,0.005027
71.6,36,0.007152
71.6,36.2,0.008918
71.6,36.4,0.009757
71.6,36.6,0.009381
71.6,36.8,0.00795
71.6,37,0.005968
71.6,37.2,0.004
71.6,37.4,0.00243
71.6,37.6,0.001371
71.6,37.8,0.00075
71.6,38,0.000424
71.6,38.2,0.00027
71.6,38.4,0.000206
71.6,38.6,0.000184
71.6,38.8,0.000177
71.6,39,0.00017
71.6,39.2,0.000153
71.6,39.4,0.000128
71.6,39.6,9.8e-05
71.6,39.8,6.9e-05
71.8,34.4,7e-06
71.8,34.6,2.7e-05
71.8,34.8,8.4e-05
71.8,35,0.000231
71.8,35.2,0.000561
71.8,35.4,0.00119
71.8,35.6,0.002214
71.8,35.8,0.003606
71.8,36,0.005146
71.8,36.2,0.006435
71.8,36.4,0.00706
71.8,36.6,0.006809
71.8,36.8,0.00579
71.8,37,0.004363
71.8,37.2,0.002939
71.8,37.4,0.001797
71.8,37.6,0.001023
71.8,37.8,0.000567
71.8,38,0.00033
71.8,38.2,0.000222
71.8,38.4,0.000184
71.8,38.6,0.000179
71.8,38.8,0.000185
71.8,39,0.000184
71.8,39.2,0.00017
71.8,39.4,0.000143
71.8,39.6,0.00011
71.8,39.8,7.8e-05
72,34.4,4e-06
72,34.6,1.7e-05
72,34.8,5.5e-05
72,35,0.000153
72,35.2,0.000373
72,35.4,0.000794
72,35.6,0.001482
72,35.8,0.002421
72,36,0.003465
72,36.2,0.004346
72,36.4,0.004783
72,36.6,0.004626
72,36.8,0.003947
72,37,0.002986
72,37.2,0.002022
72,37.4,0.001244
72,37.6,0.000715
72,37.8,0.000403
72,38,0.000242
72,38.2,0.000175
72,38.4,0.000159
72,38.6,0.000168
72,38.8,0.000183
72,39,0.000187
72,39.2,0.000175
72,39.4,0.000148
72,39.6,0.000114
72,39.8,8.1e-05
72.2,34.6,1.1e-05
72.2,34.8,3.4e-05
72.2,35,9.5e-05
72.2,35.2,0.000232
72.2,35.4,0.000497
72.2,35.6,0.000931
72.2,35.8,0.001525
72.2,36,0.00219
72.2,36.2,0.002754
72.2,36.4,0.003039
72.2,36.6,0.002949
72.2,36.8,0.002524
72.2,37,0.001917
72.2,37.2,0.001304
72.2,37.4,0.000808
72.2,37.6,0.000469
72.2,37.8,0.000269
72.2,38,0.000169
72.2,38.2,0.000132
72.2,38.4,0.000132
72.2,38.6,0.00015
72.2,38.8,0.000169
72.2,39,0.000176
72.2,39.2,0.000166
72.2,39.4,0.000141
72.2,39.6,0.000109
72.2,39.8,7.8e-05
72.4,34.6,6e-06
72.4,34.8,2e-05
72.4,35,5.6e-05
72.4,35.2,0.000136
72.4,35.4,0.000293
72.4,35.6,0.00055
72.4,35.8,0.000904
72.4,36,0.001301
72.4,36.2,0.001641
72.4,36.4,0.001816
72.4,36.6,0.001767
72.4,36.8,0.001517
72.4,37,0.001156
72.4,37.2,0.000789
72.4,37.4,0.000492
72.4,37.6,0.000288
72.4,37.8,0.000169
72.4,38,0.000112
72.4,38.2,9.5e-05
72.4,38.4,0.000105
72.4,38.6,0.000126
72.4,38.8,0.000146
72.4,39,0.000154
72.4,39.2,0.000146
72.4,39.4,0.000125
72.4,39.6,9.7e-05
72.4,39.8,6.9e-05
72.6,34.8,1.1e-05
72.6,35,3.1e-05
72.6,35.2,7.6e-05
72.6,35.4,0.000163
72.6,35.6,0.000307
72.6,35.8,0.000506
72.6,36,0.00073
72.6,36.2,0.000923
72.6,36.4,0.001023
72.6,36.6,0.000998
72.6,36.8,0.000858
72.6,37,0.000656
72.6,37.2,0.000449
72.6,37.4,0.000281
72.6,37.6,0.000167
72.6,37.8,0.0001
72.6,38,7.1e-05
72.6,38.2,6.6e-05
72.6,38.4,7.9e-05
72.6,38.6,9.9e-05
72.6,38.8,0.000117
72.6,39,0.000124
72.6,39.2,0.000118
72.6,39.4,0.000101
72.6,39.6,7.9e-05
72.6,39.8,5.6e-05
72.8,34.8,5e-06
72.8,35,1.6e-05
72.8,35.2,4e-05
72.8,35.4,8.6e-05
72.8,35.6,0.000162
72.8,35.8,0.000268
72.8,36,0.000387
72.8,36.2,0.00049
72.8,36.4,0.000545
72.8,36.6,0.000532
72.8,36.8,0.000458
72.8,37,0.000351
72.8,37.2,0.000241
72.8,37.4,0.000151
72.8,37.6,9e-05
72.8,37.8,5.6e-05
72.8,38,4.2e-05
72.8,38.2,4.3e-05
72.8,38.4,5.6e-05
72.8,38.6,7.2e-05
72.8,38.8,8.7e-05
72.8,39,9.3e-05
72.8,39.2,8.9e-05
72.8,39.4,7.6e-05
72.8,39.6,5.9e-05
72.8,39.8,4.2e-05
73,35,8e-06
73,35.2,2e-05
73,35.4,4.3e-05
73,35.6,8.1e-05
73,35.8,0.000134
73,36,0.000194
73,36.2,0.000247
73,36.4,0.000274
73,36.6,0.000268
73,36.8,0.000231
73,37,0.000177
73,37.2,0.000121
73,37.4,7.6e-05
73,37.6,4.6e-05
73,37.8,2.9e-05
73,38,2.4e-05
73,38.2,2.7e-05
73,38.4,3.7e-05
73,38.6,4.9e-05
73,38.8,5.9e-05
73,39,6.4e-05
73,39.2,6.1e-05
73,39.4,5.2e-05
73,39.6,4.1e-05
73,39.8,2.9e-05
73.2,35,3e-06
73.2,35.2,9e-06
73.2,35.4,2e-05
73.2,35.6,3.9e-05
73.2,35.8,6.4e-05
73.2,36,9.3e-05
73.2,36.2,0.000118
73.2,36.4,0.000131
73.2,36.6,0.000128
73.2,36.8,0.00011
73.2,37,8.4e-05
73.2,37.2,5.8e-05
73.2,37.4,3.6e-05
73.2,37.6,2.2e-05
73.2,37.8,1.4e-05
73.2,38,1.3e-05
73.2,38.2,1.6e-05
73.2,38.4,2.3e-05
73.2,38.6,3.1e-05
73.2,38.8,3.7e-05
73.2,39,4e-05
73.2,39.2,3.9e-05
73.2,39.4,3.3e-05
73.2,39.6,2.6e-05
73.2,39.8,1.9e-05
73.4,35.4,9e-06
73.4,35.6,1.7e-05
73.4,35.8,2.8e-05
73.4,36,4.1e-05
73.4,36.2,5.3e-05
73.4,36.4,5.9e-05
73.4,36.6,5.8e-05
73.4,36.8,5e-05
73.4,37,3.7e-05
73.4,37.2,2.6e-05
73.4,37.4,1.6e-05
73.4,37.6,1e-05
73.4,37.8,7e-06
73.4,38,6e-06
73.4,38.2,9e-06
73.4,38.4,1.3e-05
73.4,38.6,1.8e-05
73.4,38.8,2.2e-05
73.4,39,2.4e-05
73.4,39.2,2.3e-05
73.4,39.4,2e-05
73.4,39.6,1.5e-05
73.4,39.8,1.1e-05
73.6,35.6,7e-06
73.6,35.8,1.2e-05
73.6,36,1.7e-05
73.6,36.2,2.2e-05
73.6,36.4,2.5e-05
73.6,36.6,2.4e-05
73.6,36.8,2.1e-05
73.6,37,1.6e-05
73.6,37.2,1.1e-05
73.6,37.4,6e-06
73.6,37.6,4e-06
73.6,37.8,3e-06
73.6,38,3e-06
73.6,38.2,5e-06
73.6,38.4,7e-06
73.6,38.6,9e-06
73.6,38.8,1.2e-05
73.6,39,1.3e-05
73.6,39.2,1.2e-05
73.6,39.4,1.1e-05
73.6,39.6,8e-06
73.6,39.8,6e-06
73.8,35.8,5e-06
73.8,36,7e-06
73.8,36.2,9e-06
73.8,36.4,1e-05
73.8,36.6,1e-05
73.8,36.8,8e-06
73.8,37,6e-06
73.8,37.2,4e-06
73.8,38.2,2e-06
73.8,38.4,3e-06
73.8,38.6,5e-06
73.8,38.8,6e-06
73.8,39,6e-06
73.8,39.2,6e-06
73.8,39.4,5e-06
73.8,39.6,4e-06
73.8,39.8,3e-06
74,36.4,4e-06
74,36.6,3e-06
74,38.6,2e-06
74,38.8,3e-06
74,39,3e-06
74,39.2,3e-06
74,39.4,2e-06
93,7.2,2e-06
93,7.4,2e-06
93,7.6,3e-06
93,7.8,3e-06
93,8,3e-06
93,8.2,2e-06
93,8.4,2e-06
93.2,6.8,2e-06
93.2,7,4e-06
93.2,7.2,5e-06
93.2,7.4,7e-06
93.2,7.6,8e-06
93.2,7.8,8e-06
93.2,8,8e-06
93.2,8.2,6e-06
93.2,8.4,4e-06
93.2,8.6,3e-06
93.2,8.8,2e-06
93.4,6.4,3e-06
93.4,6.6,5e-06
93.4,6.8,7e-06
93.4,7,1e-05
93.4,7.2,1.3e-05
93.4,7.4,1.7e-05
93.4,7.6,1.9e-05
93.4,7.8,2e-05
93.4,8,1.9e-05
93.4,8.2,1.5e-05
93.4,8.4,1.1e-05
93.4,8.6,7e-06
93.4,8.8,4e-06
93.4,9,2e-06
93.6,6,4e-06
93.6,6.2,6e-06
93.6,6.4,9e-06
93.6,6.6,1.2e-05
93.6,6.8,1.6e-05
93.6,7,2.2e-05
93.6,7.2,2.9e-05
93.6,7.4,3.6e-05
93.6,7.6,4.2e-05
93.6,7.8,4.3e-05
93.6,8,3.9e-05
93.6,8.2,3.2e-05
93.6,8.4,2.3e-05
93.6,8.6,1.4e-05
93.6,8.8,8e-06
93.6,9,4e-06
93.6,9.2,1e-06
93.8,5.8,5e-06
93.8,6,9e-06
93.8,6.2,1.4e-05
93.8,6.4,2.1e-05
93.8,6.6,2.8e-05
93.8,6.8,3.6e-05
93.8,7,4.5e-05
93.8,7.2,5.7e-05
93.8,7.4,6.9e-05
93.8,7.6,7.8e-05
93.8,7.8,8e-05
93.8,8,7.3e-05
93.8,8.2,5.8e-05
93.8,8.4,4.1e-05
93.8,8.6,2.5e-05
93.8,8.8,1.4e-05
93.8,9,6e-06
93.8,9.2,3e-06
94,5.4,3e-06
94,5.6,6e-06
94,5.8,1.2e-05
94,6,2e-05
94,6.2,3.1e-05
94,6.4,4.4e-05
94,6.6,5.6e-05
94,6.8,6.9e-05
94,7,8.4e-05
94,7.2,0.0001
94,7.4,0.000116
94,7.6,0.000128
94,7.8,0.000129
94,8,0.000117
94,8.2,9.4e-05
94,8.4,6.6e-05
94,8.6,4.1e-05
94,8.8,2.2e-05
94,9,1e-05
94,9.2,4e-06
94.2,5.2,3e-06
94.2,5.4,6e-06
94.2,5.6,1.3e-05
94.2,5.8,2.4e-05
94.2,6,4.1e-05
94.2,6.2,6.1e-05
94.2,6.4,8.3e-05
94.2,6.6,0.000104
94.2,6.8,0.000121
94.2,7,0.000138
94.2,7.2,0.000156
94.2,7.4,0.000174
94.2,7.6,0.000186
94.2,7.8,0.000184
94.2,8,0.000166
94.2,8.2,0.000132
94.2,8.4,9.3e-05
94.2,8.6,5.7e-05
94.2,8.8,3.1e-05
94.2,9,1.4e-05
94.2,9.2,6e-06
94.2,9.4,2e-06
94.4,5.2,5e-06
94.4,5.4,1.2e-05
94.4,5.6,2.4e-05
94.4,5.8,4.4e-05
94.4,6,7.3e-05
94.4,6.2,0.000107
94.4,6.4,0.000141
94.4,6.6,0.00017
94.4,6.8,0.000191
94.4,7,0.000205
94.4,7.2,0.000219
94.4,7.4,0.000231
94.4,7.6,0.000239
94.4,7.8,0.000231
94.4,8,0.000205
94.4,8.2,0.000163
94.4,8.4,0.000114
94.4,8.6,7e-05
94.4,8.8,3.8e-05
94.4,9,1.8e-05
94.4,9.2,7e-06
94.4,9.4,3e-06
94.6,5,3e-06
94.6,5.2,9e-06
94.6,5.4,2e-05
94.6,5.6,4e-05
94.6,5.8,7.2e-05
94.6,6,0.000115
94.6,6.2,0.000166
94.6,6.4,0.000213
94.6,6.6,0.000249
94.6,6.8,0.000268
94.6,7,0.000274
94.6,7.2,0.000275
94.6,7.4,0.000275
94.6,7.6,0.000271
94.6,7.8,0.000256
94.6,8,0.000223
94.6,8.2,0.000175
94.6,8.4,0.000122
94.6,8.6,7.5e-05
94.6,8.8,4e-05
94.6,9,1.9e-05
94.6,9.2,8e-06
94.6,9.4,3e-06
94.8,5,5e-06
94.8,5.2,1.3e-05
94.8,5.4,2.9e-05
94.8,5.6,5.8e-05
94.8,5.8,0.000104
94.8,6,0.000163
94.8,6.2,0.000229
94.8,6.4,0.000287
94.8,6.6,0.000326
94.8,6.8,0.000339
94.8,7,0.00033
94.8,7.2,0.000312
94.8,7.4,0.000293
94.8,7.6,0.000274
94.8,7.8,0.00025
94.8,8,0.000213
94.8,8.2,0.000166
94.8,8.4,0.000115
94.8,8.6,7e-05
94.8,8.8,3.8e-05
94.8,9,1.8e-05
94.8,9.2,7e-06
94.8,9.4,3e-06
95,4.8,2e-06
95,5,7e-06
95,5.2,1.7e-05
95,5.4,3.9e-05
95,5.6,7.6e-05
95,5.8,0.000133
95,6,0.000205
95,6.2,0.000282
95,6.4,0.000346
95,6.6,0.000382
95,6.8,0.000383
95,7,0.000357
95,7.2,0.000318
95,7.4,0.000281
95,7.6,0.000248
95,7.8,0.000216
95,8,0.00018
95,8.2,0.000138
95,8.4,9.5e-05
95,8.6,5.8e-05
95,8.8,3.1e-05
95,9,1.4e-05
95,9.2,6e-06
95.2,4.8,3e-06
95.2,5,8e-06
95.2,5.2,2e-05
95.2,5.4,4.5e-05
95.2,5.6,8.8e-05
95.2,5.8,0.000151
95.2,6,0.000229
95.2,6.2,0.000309
95.2,6.4,0.000372
95.2,6.6,0.0004
95.2,6.8,0.000389
95.2,7,0.000348
95.2,7.2,0.000294
95.2,7.4,0.000243
95.2,7.6,0.000201
95.2,7.8,0.000166
95.2,8,0.000134
95.2,8.2,0.0001
95.2,8.4,6.8e-05
95.2,8.6,4.1e-05
95.2,8.8,2.2e-05
95.2,9,1e-05
95.2,9.2,4e-06
95.4,4.8,3e-06
95.4,5,8e-06
95.4,5.2,2.1e-05
95.4,5.4,4.6e-05
95.4,5.6,8.9e-05
95.4,5.8,0.000152
95.4,6,0.000227
95.4,6.2,0.000302
95.4,6.4,0.000356
95.4,6.6,0.000374
95.4,6.8,0.000354
95.4,7,0.000305
95.4,7.2,0.000245
95.4,7.4,0.00019
95.4,7.6,0.000147
95.4,7.8,0.000114
95.4,8,8.8e-05
95.4,8.2,6.5e-05
95.4,8.4,4.3e-05
95.4,8.6,2.6e-05
95.4,8.8,1.4e-05
95.4,9,7e-06
95.4,9.2,3e-06
95.6,4.8,3e-06
95.6,5,8e-06
95.6,5.2,1.9e-05
95.6,5.4,4.2e-05
95.6,5.6,8e-05
95.6,5.8,0.000135
95.6,6,0.0002
95.6,6.2,0.000261
95.6,6.4,0.000303
95.6,6.6,0.000312
95.6,6.8,0.000288
95.6,7,0.00024
95.6,7.2,0.000184
95.6,7.4,0.000135
95.6,7.6,9.7e-05
95.6,7.8,7.1e-05
95.6,8,5.2e-05
95.6,8.2,3.7e-05
95.6,8.4,2.4e-05
95.6,8.6,1.4e-05
95.6,8.8,8e-06
95.6,9,4e-06
95.8,4.8,2e-06
95.8,5,6e-06
95.8,5.2,1.5e-05
95.8,5.4,3.3e-05
95.8,5.6,6.3e-05
95.8,5.8,0.000106
95.8,6,0.000155
95.8,6.2,0.0002
95.8,6.4,0.000229
95.8,6.6,0.000231
95.8,6.8,0.000209
95.8,7,0.000169
95.8,7.2,0.000125
95.8,7.4,8.7e-05
95.8,7.6,5.8e-05
95.8,7.8,3.9e-05
95.8,8,2.7e-05
95.8,8.2,1.8e-05
95.8,8.4,1.2e-05
95.8,8.6,7e-06
95.8,8.8,4e-06
96,5,4e-06
96,5.2,1.1e-05
96,5.4,2.3e-05
96,5.6,4.4e-05
96,5.8,7.3e-05
96,6,0.000106
96,6.2,0.000136
96,6.4,0.000153
96,6.6,0.000153
96,6.8,0.000135
96,7,0.000107
96,7.2,7.6e-05
96,7.4,5.1e-05
96,7.6,3.2e-05
96,7.8,2e-05
96,8,1.3e-05
96,8.2,8e-06
96,8.4,5e-06
96,8.6,3e-06
96.2,5,3e-06
96.2,5.2,7e-06
96.2,5.4,1.4e-05
96.2,5.6,2.7e-05
96.2,5.8,4.4e-05
96.2,6,6.4e-05
96.2,6.2,8.1e-05
96.2,6.4,9.1e-05
96.2,6.6,8.9e-05
96.2,6.8,7.8e-05
96.2,7,6e-05
96.2,7.2,4.2e-05
96.2,7.4,2.7e-05
96.2,7.6,1.6e-05
96.2,7.8,9e-06
96.2,8,5e-06
96.2,8.2,3e-06
96.4,5.2,4e-06
96.4,5.4,8e-06
96.4,5.6,1.4e-05
96.4,5.8,2.4e-05
96.4,6,3.4e-05
96.4,6.2,4.3e-05
96.4,6.4,4.7e-05
96.4,6.6,4.6e-05
96.4,6.8,4e-05
96.4,7,3e-05
96.4,7.2,2.1e-05
96.4,7.4,1.3e-05
96.4,7.6,7e-06
96.4,7.8,4e-06
96.4,8,2e-06
96.6,5.4,4e-06
96.6,5.6,7e-06
96.6,5.8,1.1e-05
96.6,6,1.6e-05
96.6,6.2,2e-05
96.6,6.4,2.2e-05
96.6,6.6,2.1e-05
96.6,6.8,1.8e-05
96.6,7,1.3e-05
96.6,7.2,9e-06
96.6,7.4,5e-06
96.6,7.6,3e-06
96.6,7.8,1e-06
96.8,5.6,3e-06
96.8,5.8,5e-06
96.8,6,6e-06
96.8,6.2,8e-06
96.8,6.4,9e-06
96.8,6.6,8e-06
96.8,6.8,7e-06
96.8,7,5e-06
96.8,7.2,3e-06
96.8,7.4,2e-06
97,6,2e-06
97,6.2,3e-06
97,6.4,3e-06
97,6.6,3e-06
97,6.8,3e-06
97,7,2e-06
97.4,2.6,3e-06
97.4,2.8,4e-06
97.4,3,5e-06
97.4,3.2,7e-06
97.4,3.4,7e-06
97.4,3.6,7e-06
97.4,3.8,6e-06
97.4,4,5e-06
97.4,4.2,4e-06
97.4,4.4,3e-06
97.6,2.4,5e-06
97.6,2.6,8e-06
97.6,2.8,1.2e-05
97.6,3,1.5e-05
97.6,3.2,1.8e-05
97.6,3.4,2e-05
97.6,3.6,1.9e-05
97.6,3.8,1.8e-05
97.6,4,1.5e-05
97.6,4.2,1.2e-05
97.6,4.4,8e-06
97.6,4.6,5e-06
97.6,4.8,3e-06
97.8,2.6,1.9e-05
97.8,2.8,2.8e-05
97.8,3,3.7e-05
97.8,3.2,4.4e-05
97.8,3.4,4.8e-05
97.8,3.6,4.7e-05
97.8,3.8,4.3e-05
97.8,4,3.6e-05
97.8,4.2,2.8e-05
97.8,4.4,2e-05
97.8,4.6,1.3e-05
97.8,4.8,7e-06
97.8,5,4e-06
97.8,5.2,2e-06
98,2.6,4.1e-05
98,2.8,5.9e-05
98,3,7.8e-05
98,3.2,9.3e-05
98,3.4,0.000101
98,3.6,0.0001
98,3.8,9.1e-05
98,4,7.6e-05
98,4.2,5.9e-05
98,4.4,4.2e-05
98,4.6,2.7e-05
98,4.8,1.6e-05
98,5,8e-06
98,5.2,4e-06
98,5.4,2e-06
98,5.6,1e-06
98,5.8,1e-06
98,6,1e-06
98,6.2,1e-06
98.2,2.8,0.000109
98.2,3,0.000144
98.2,3.2,0.000172
98.2,3.4,0.000187
98.2,3.6,0.000185
98.2,3.8,0.000168
98.2,4,0.000141
98.2,4.2,0.000109
98.2,4.4,7.7e-05
98.2,4.6,5e-05
98.2,4.8,2.9e-05
98.2,5,1.5e-05
98.2,5.2,8e-06
98.2,5.4,4e-06
98.2,5.6,3e-06
98.2,5.8,3e-06
98.2,6,3e-06
98.2,6.2,3e-06
98.2,6.4,2e-06
98.2,6.6,2e-06
98.2,6.8,1e-06
98.4,2.8,0.000176
98.4,3,0.000232
98.4,3.2,0.000277
98.4,3.4,0.000301
98.4,3.6,0.000298
98.4,3.8,0.000271
98.4,4,0.000228
98.4,4.2,0.000176
98.4,4.4,0.000125
98.4,4.6,8e-05
98.4,4.8,4.7e-05
98.4,5,2.5e-05
98.4,5.2,1.4e-05
98.4,5.4,9e-06
98.4,5.6,8e-06
98.4,5.8,8e-06
98.4,6,8e-06
98.4,6.2,8e-06
98.4,6.4,6e-06
98.4,6.6,4e-06
98.4,6.8,3e-06
98.6,2.8,0.000248
98.6,3,0.000327
98.6,3.2,0.00039
98.6,3.4,0.000423
98.6,3.6,0.000419
98.6,3.8,0.000381
98.6,4,0.00032
98.6,4.2,0.000247
98.6,4.4,0.000175
98.6,4.6,0.000113
98.6,4.8,6.7e-05
98.6,5,3.7e-05
98.6,5.2,2.2e-05
98.6,5.4,1.7e-05
98.6,5.6,1.7e-05
98.6,5.8,1.9e-05
98.6,6,2e-05
98.6,6.2,1.8e-05
98.6,6.4,1.5e-05
98.6,6.6,1.1e-05
98.8,3,0.000401
98.8,3.2,0.000479
98.8,3.4,0.00052
98.8,3.6,0.000515
98.8,3.8,0.000468
98.8,4,0.000392
98.8,4.2,0.000303
98.8,4.4,0.000215
98.8,4.6,0.00014
98.8,4.8,8.3e-05
98.8,5,4.9e-05
98.8,5.2,3.3e-05
98.8,5.4,3e-05
98.8,5.6,3.4e-05
98.8,5.8,3.9e-05
98.8,6,4.1e-05
98.8,6.2,3.8e-05
99,3,0.000429
99,3.2,0.000513
99,3.4,0.000556
99,3.6,0.000551
99,3.8,0.000501
99,4,0.00042
99,4.2,0.000325
99,4.4,0.000231
99,4.6,0.00015
99,4.8,9.2e-05
99,5,5.8e-05
99,5.2,4.5e-05
99,5.4,4.9e-05
99,5.6,6e-05
99,5.8,7.1e-05
99,6,7.6e-05
99.2,3,0.000401
99.2,3.2,0.000479
99.2,3.4,0.00052
99.2,3.6,0.000515
99.2,3.8,0.000468
99.2,4,0.000393
99.2,4.2,0.000304
99.2,4.4,0.000216
99.2,4.6,0.000142
99.2,4.8,9e-05
99.2,5,6.3e-05
99.2,5.2,5.9e-05
99.2,5.4,7.3e-05
99.2,5.6,9.5e-05
99.4,3.2,0.000391
99.4,3.4,0.000424
99.4,3.6,0.00042
99.4,3.8,0.000382
99.4,4,0.00032
99.4,4.2,0.000248
99.4,4.4,0.000177
99.4,4.6,0.000119
99.4,4.8,8e-05
99.4,5,6.4e-05
99.4,5.2,7.2e-05
99.4,5.4,9.8e-05
99.6,3.2,0.000278
99.6,3.4,0.000302
99.6,3.6,0.000299
99.6,3.8,0.000272
99.6,4,0.000228
99.6,4.2,0.000177
99.6,4.4,0.000127
99.6,4.6,8.8e-05
99.6,4.8,6.4e-05
99.6,5,6.2e-05
99.6,5.2,8.1e-05
99.8,3.4,0.000188
99.8,3.6,0.000186
99.8,3.8,0.00017
99.8,4,0.000143
99.8,4.2,0.000111
99.8,4.4,8.1e-05
99.8,4.6,5.8e-05
99.8,4.8,4.8e-05
100,3.4,0.000103
100,3.6,0.000102
100,3.8,9.3e-05
100,4,7.8e-05
100,4.2,6.1e-05
100,4.4,4.5e-05
100,4.6,3.5e-05
