lon,lat,nu
62.4,29.2,3e-06
62.4,29.4,4e-06
62.4,29.6,4e-06
62.4,29.8,4e-06
62.4,30,3e-06
62.4,30.2,2e-06
62.6,29,6e-06
62.6,29.2,1e-05
62.6,29.4,1.5e-05
62.6,29.6,1.7e-05
62.6,29.8,1.5e-05
62.6,30,1.1e-05
62.6,30.2,6e-06
62.6,30.4,3e-06
62.8,28.8,8e-06
62.8,29,1.8e-05
62.8,29.2,3.3e-05
62.8,29.4,4.7e-05
62.8,29.6,5.4e-05
62.8,29.8,4.8e-05
62.8,30,3.4e-05
62.8,30.2,1.9e-05
62.8,30.4,8e-06
62.8,30.6,3e-06
63,28.6,8e-06
63,28.8,2.2e-05
63,29,4.9e-05
63,29.2,8.8e-05
63,29.4,0.000126
63,29.6,0.000142
63,29.8,0.000126
63,30,8.9e-05
63,30.2,5e-05
63,30.4,2.2e-05
63,30.6,8e-06
63,30.8,2e-06
63.2,28.4,5e-06
63.2,28.6,1.7e-05
63.2,28.8,4.8e-05
63.2,29,0.000109
63.2,29.2,0.000197
63.2,29.4,0.00028
63.2,29.6,0.000315
63.2,29.8,0.00028
63.2,30,0.000197
63.2,30.2,0.00011
63.2,30.4,4.8e-05
63.2,30.6,1.7e-05
63.2,30.8,5e-06
63.2,31,1e-06
63.4,28.4,9e-06
63.4,28.6,3.1e-05
63.4,28.8,9e-05
63.4,29,0.000204
63.4,29.2,0.000366
63.4,29.4,0.00052
63.4,29.6,0.000584
63.4,29.8,0.00052
63.4,30,0.000366
63.4,30.2,0.000204
63.4,30.4,9e-05
63.4,30.6,3.1e-05
63.4,30.8,9e-06
63.4,31,2e-06
63.6,28.4,1.4e-05
63.6,28.6,4.9e-05
63.6,28.8,0.00014
63.6,29,0.000318
63.6,29.2,0.000571
63.6,29.4,0.00081
63.6,29.6,0.00091
63.6,29.8,0.000808
63.6,30,0.000568
63.6,30.2,0.000316
63.6,30.4,0.000139
63.6,30.6,4.8e-05
63.6,30.8,1.3e-05
63.6,31,3e-06
63.8,28.4,1.8e-05
63.8,28.6,6.4e-05
63.8,28.8,0.000184
63.8,29,0.000416
63.8,29.2,0.000745
63.8,29.4,0.001057
63.8,29.6,0.001186
63.8,29.8,0.001053
63.8,30,0.00074
63.8,30.2,0.000411
63.8,30.4,0.000181
63.8,30.6,6.3e-05
63.8,30.8,1.7e-05
63.8,31,4e-06
64,28.4,1.9e-05
64,28.6,7e-05
64,28.8,0.000201
64,29,0.000455
64,29.2,0.000815
64,29.4,0.001155
64,29.6,0.001296
64,29.8,0.001151
64,30,0.000808
64,30.2,0.000449
64,30.4,0.000198
64,30.6,6.9e-05
64,30.8,1.9e-05
64,31,4e-06
64.2,28.4,1.8e-05
64.2,28.6,6.4e-05
64.2,28.8,0.000184
64.2,29,0.000416
64.2,29.2,0.000745
64.2,29.4,0.001057
64.2,29.6,0.001186
64.2,29.8,0.001053
64.2,30,0.00074
64.2,30.2,0.000411
64.2,30.4,0.000181
64.2,30.6,6.3e-05
64.2,30.8,1.7e-05
64.2,31,4e-06
64.4,28.4,1.4e-05
64.4,28.6,4.9e-05
64.4,28.8,0.00014
64.4,29,0.000318
64.4,29.2,0.000571
64.4,29.4,0.00081
64.4,29.6,0.00091
64.4,29.8,0.000808
64.4,30,0.000568
64.4,30.2,0.000316
64.4,30.4,0.000139
64.4,30.6,4.8e-05
64.4,30.8,1.3e-05
64.4,31,3e-06
64.6,28.4,9e-06
64.6,28.6,3.1e-05
64.6,28.8,9e-05
64.6,29,0.000204
64.6,29.2,0.000366
64.6,29.4,0.00052
64.6,29.6,0.000584
64.6,29.8,0.00052
64.6,30,0.000366
64.6,30.2,0.000204
64.6,30.4,9e-05
64.6,30.6,3.1e-05
64.6,30.8,9e-06
64.6,31,2e-06
64.8,28.4,5e-06
64.8,28.6,1.7e-05
64.8,28.8,4.8e-05
64.8,29,0.000109
64.8,29.2,0.000197
64.8,29.4,0.00028
64.8,29.6,0.000315
64.8,29.8,0.00028
64.8,30,0.000197
64.8,30.2,0.00011
64.8,30.4,4.8e-05
64.8,30.6,1.7e-05
64.8,30.8,5e-06
64.8,31,1e-06
65,28.6,8e-06
65,28.8,2.2e-05
65,29,4.9e-05
65,29.2,8.8e-05
65,29.4,0.000126
65,29.6,0.000142
65,29.8,0.000126
65,30,8.9e-05
65,30.2,5e-05
65,30.4,2.2e-05
65,30.6,8e-06
65,30.8,2e-06
65.2,28.8,8e-06
65.2,29,1.8e-05
65.2,29.2,3.3e-05
65.2,29.4,4.7e-05
65.2,29.6,5.4e-05
65.2,29.8,4.8e-05
65.2,30,3.4e-05
65.2,30.2,1.9e-05
65.2,30.4,8e-06
65.2,30.6,3e-06
65.4,29,6e-06
65.4,29.2,1e-05
65.4,29.4,1.5e-05
65.4,29.6,1.7e-05
65.4,29.8,1.5e-05
65.4,30,1.1e-05
65.4,30.2,6e-06
65.4,30.4,3e-06
65.6,29.2,3e-06
65.6,29.4,4e-06
65.6,29.6,4e-06
65.6,29.8,4e-06
65.6,30,3e-06
65.6,30.2,2e-06
68,35.6,3e-06
68,35.8,7e-06
68,36,1e-05
68,36.2,1.2e-05
68,36.4,1.2e-05
68,36.6,9e-06
68,36.8,6e-06
68,37,3e-06
68,37.2,1e-06
68.2,35.4,5e-06
68.2,35.6,1.2e-05
68.2,35.8,2.7e-05
68.2,36,4.2e-05
68.2,36.2,5.3e-05
68.2,36.4,5.4e-05
68.2,36.6,4.5e-05
68.2,36.8,3e-05
68.2,37,1.6e-05
68.2,37.2,5e-06
68.2,37.4,2e-06
68.4,35.2,5e-06
68.4,35.4,1.5e-05
68.4,35.6,4.3e-05
68.4,35.8,8.8e-05
68.4,36,0.000141
68.4,36.2,0.000182
68.4,36.4,0.000191
68.4,36.6,0.000162
68.4,36.8,0.000112
68.4,37,6.3e-05
68.4,37.2,2.8e-05
68.4,37.4,1e-05
68.4,37.6,2e-06
68.6,35,3e-06
68.6,35.2,1.3e-05
68.6,35.4,4.8e-05
68.6,35.6,0.000124
68.6,35.8,0.000257
68.6,36,0.00042
68.6,36.2,0.000556
68.6,36.4,0.000596
68.6,36.6,0.000518
68.6,36.8,0.000365
68.6,37,0.000209
68.6,37.2,9.5e-05
68.6,37.4,3.5e-05
68.6,37.6,1e-05
68.6,37.8,1e-06
68.8,35,7e-06
68.8,35.2,3.7e-05
68.8,35.4,0.000122
68.8,35.6,0.000322
68.8,35.8,0.000675
68.8,36,0.001131
68.8,36.2,0.001529
68.8,36.4,0.001672
68.8,36.6,0.001478
68.8,36.8,0.001057
68.8,37,0.000611
68.8,37.2,0.000282
68.8,37.4,0.000106
68.8,37.6,3.1e-05
68.8,37.8,5e-06
69,34.8,3e-06
69,35,1.9e-05
69,35.2,8.3e-05
69,35.4,0.000282
69,35.6,0.000754
69,35.8,0.001604
69,36,0.002746
69,36.2,0.003784
69,36.4,0.004207
69,36.6,0.003772
69,36.8,0.002727
69,37,0.001591
69,37.2,0.000746
69,37.4,0.000281
69,37.6,8.4e-05
69,37.8,1.8e-05
69,38,2e-06
69.2,34.8,5e-06
69.2,35,3.9e-05
69.2,35.2,0.000172
69.2,35.4,0.000592
69.2,35.6,0.0016
69.2,35.8,0.003469
69.2,36,0.006038
69.2,36.2,0.008451
69.2,36.4,0.009515
69.2,36.6,0.00862
69.2,36.8,0.006285
69.2,37,0.003689
69.2,37.2,0.001742
69.2,37.4,0.000662
69.2,37.6,0.000202
69.2,37.8,4.5e-05
69.2,38,6e-06
69.4,34.8,1.2e-05
69.4,35,7.3e-05
69.4,35.2,0.000327
69.4,35.4,0.001127
69.4,35.6,0.003098
69.4,35.8,0.006815
69.4,36,0.012029
69.4,36.2,0.017042
69.4,36.4,0.019383
69.4,36.6,0.017702
69.4,36.8,0.012989
69.4,37,0.007662
69.4,37.2,0.003637
69.4,37.4,0.00139
69.4,37.6,0.000428
69.4,37.8,0.000101
69.4,38,1.7e-05
69.4,38.2,1e-06
69.6,34.6,2e-06
69.6,34.8,1.9e-05
69.6,35,0.000127
69.6,35.2,0.000561
69.6,35.4,0.001962
69.6,35.6,0.005464
69.6,35.8,0.012179
69.6,36,0.021748
69.6,36.2,0.031114
69.6,36.4,0.035675
69.6,36.6,0.0328
69.6,36.8,0.024201
69.6,37,0.014346
69.6,37.2,0.006841
69.6,37.4,0.002629
69.6,37.6,0.000816
69.6,37.8,0.000202
69.6,38,3.4e-05
69.6,38.2,4e-06
69.8,34.6,2e-06
69.8,34.8,3.1e-05
69.8,35,0.000198
69.8,35.2,0.000885
69.8,35.4,0.003123
69.8,35.6,0.008803
69.8,35.8,0.019841
69.8,36,0.035771
69.8,36.2,0.051601
69.8,36.4,0.059585
69.8,36.6,0.055126
69.8,36.8,0.040906
69.8,37,0.024381
69.8,37.2,0.011693
69.8,37.4,0.004524
69.8,37.6,0.001418
69.8,37.8,0.000361
69.8,38,7e-05
69.8,38.2,8e-06
69.8,38.4,1e-06
70,34.6,2e-06
70,34.8,4.7e-05
70,35,0.000283
70,35.2,0.001278
70,35.4,0.004559
70,35.6,0.012986
70,35.8,0.029546
70,36,0.053714
70,36.2,0.078061
70,36.4,0.090755
70,36.6,0.084508
70,36.8,0.063113
70,37,0.037871
70,37.2,0.018303
70,37.4,0.007152
70,37.6,0.002274
70,37.8,0.000598
70,38,0.000129
70,38.2,1.8e-05
70,38.4,3e-06
70.2,34.6,2e-06
70.2,34.8,6.2e-05
70.2,35,0.000374
70.2,35.2,0.001698
70.2,35.4,0.006116
70.2,35.6,0.017578
70.2,35.8,0.040323
70.2,36,0.07386
70.2,36.2,0.10811
70.2,36.4,0.126579
70.2,36.6,0.118714
70.2,36.8,0.089334
70.2,37,0.054057
70.2,37.2,0.026389
70.2,37.4,0.010453
70.2,37.6,0.0034
70.2,37.8,0.000932
70.2,38,0.000224
70.2,38.2,4.2e-05
70.2,38.4,9e-06
70.2,38.6,2e-06
70.4,34.6,2e-06
70.4,34.8,7.7e-05
70.4,35,0.000456
70.4,35.2,0.002079
70.4,35.4,0.007546
70.4,35.6,0.021849
70.4,35.8,0.050484
70.4,36,0.093132
70.4,36.2,0.137307
70.4,36.4,0.161984
70.4,36.6,0.153149
70.4,36.8,0.116272
70.4,37,0.071079
70.4,37.2,0.035146
70.4,37.4,0.014183
70.4,37.6,0.004763
70.4,37.8,0.001386
70.4,38,0.000374
70.4,38.2,9e-05
70.4,38.4,2.3e-05
70.4,38.6,6e-06
70.4,38.8,1e-06
70.6,34.6,1e-06
70.6,34.8,8.5e-05
70.6,35,0.000512
70.6,35.2,0.002343
70.6,35.4,0.008551
70.6,35.6,0.024907
70.6,35.8,0.057914
70.6,36,0.107571
70.6,36.2,0.159775
70.6,36.4,0.190023
70.6,36.6,0.181276
70.6,36.8,0.139032
70.6,37,0.086033
70.6,37.2,0.043238
70.6,37.4,0.017899
70.6,37.6,0.006293
70.6,37.8,0.001992
70.6,38,0.000612
70.6,38.2,0.000179
70.6,38.4,5.1e-05
70.6,38.6,1.4e-05
70.6,38.8,3e-06
70.8,34.6,2e-06
70.8,34.8,8.8e-05
70.8,35,0.00053
70.8,35.2,0.002425
70.8,35.4,0.008873
70.8,35.6,0.025953
70.8,35.8,0.060674
70.8,36,0.113434
70.8,36.2,0.169758
70.8,36.4,0.203633
70.8,36.6,0.196172
70.8,36.8,0.152195
70.8,37,0.09556
70.8,37.2,0.049054
70.8,37.4,0.021052
70.8,37.6,0.007908
70.8,37.8,0.002796
70.8,38,0.000989
70.8,38.2,0.000335
70.8,38.4,0.000105
70.8,38.6,3e-05
70.8,38.8,6e-06
70.8,39,1e-06
71,34.6,2e-06
71,34.8,8.4e-05
71,35,0.000505
71,35.2,0.002298
71,35.4,0.008397
71,35.6,0.02461
71,35.8,0.05778
71,36,0.108679
71,36.2,0.163871
71,36.4,0.198346
71,36.6,0.193124
71,36.8,0.151822
71,37,0.097077
71,37.2,0.051312
71,37.4,0.023217
71,37.6,0.009577
71,37.8,0.003873
71,38,0.001568
71,38.2,0.000592
71,38.4,0.000197
71,38.6,5.7e-05
71,38.8,1.3e-05
71,39,2e-06
71.2,34.6,3e-06
71.2,34.8,7.3e-05
71.2,35,0.000442
71.2,35.2,0.001987
71.2,35.4,0.00722
71.2,35.6,0.021142
71.2,35.8,0.049771
71.2,36,0.094113
71.2,36.2,0.142966
71.2,36.4,0.174681
71.2,36.6,0.172115
71.2,36.8,0.137491
71.2,37,0.090109
71.2,37.2,0.04974
71.2,37.4,0.024352
71.2,37.6,0.011377
71.2,37.8,0.005314
71.2,38,0.002408
71.2,38.2,0.000978
71.2,38.4,0.000337
71.2,38.6,9.7e-05
71.2,38.8,2.3e-05
71.2,39,3e-06
71.4,34.6,4e-06
71.4,34.8,6e-05
71.4,35,0.000354
71.4,35.2,0.001565
71.4,35.4,0.005622
71.4,35.6,0.01639
71.4,35.8,0.038608
71.4,36,0.073321
71.4,36.2,0.112197
71.4,36.4,0.138493
71.4,36.6,0.138401
71.4,36.8,0.112945
71.4,37,0.076778
71.4,37.2,0.045312
71.4,37.4,0.024831
71.4,37.6,0.013439
71.4,37.8,0.007163
71.4,38,0.003524
71.4,38.2,0.001493
71.4,38.4,0.000524
71.4,38.6,0.000151
71.4,38.8,3.5e-05
71.4,39,6e-06
71.6,34.6,4e-06
71.6,34.8,4.4e-05
71.6,35,0.00026
71.6,35.2,0.001121
71.6,35.4,0.003957
71.6,35.6,0.011434
71.6,35.8,0.026878
71.6,36,0.051204
71.6,36.2,0.078936
71.6,36.4,0.098602
71.6,36.6,0.100384
71.6,36.8,0.08454
71.6,37,0.060859
71.6,37.2,0.039713
71.6,37.4,0.02513
71.6,37.6,0.015742
71.6,37.8,0.009287
71.6,38,0.004811
71.6,38.2,0.002085
71.6,38.4,0.000737
71.6,38.6,0.000212
71.6,38.8,4.9e-05
71.6,39,9e-06
71.8,34.6,4e-06
71.8,34.8,2.9e-05
71.8,35,0.000174
71.8,35.2,0.000727
71.8,35.4,0.002513
71.8,35.6,0.007162
71.8,35.8,0.016753
71.8,36,0.03198
71.8,36.2,0.049709
71.8,36.4,0.063061
71.8,36.6,0.06597
71.8,36.8,0.058379
71.8,37,0.045924
71.8,37.2,0.034331
71.8,37.4,0.025338
71.8,37.6,0.017892
71.8,37.8,0.011287
71.8,38,0.006017
71.8,38.2,0.002633
71.8,38.4,0.000932
71.8,38.6,0.000266
71.8,38.8,6.1e-05
71.8,39,1.1e-05
71.8,39.2,1e-06
72,34.6,3e-06
72,34.8,1.8e-05
72,35,0.000104
72,35.2,0.000429
72,35.4,0.001436
72,35.6,0.004024
72,35.8,0.009339
72,36,0.017852
72,36.2,0.028046
72,36.4,0.036394
72,36.6,0.039735
72,36.8,0.038007
72,37,0.033884
72,37.2,0.029572
72,37.4,0.024959
72,37.6,0.019142
72,37.8,0.01256
72,38,0.006797
72,38.2,0.002983
72,38.4,0.001055
72,38.6,0.0003
72,38.8,6.9e-05
72,39,1.2e-05
72,39.2,1e-06
72.2,34.6,2e-06
72.2,34.8,9e-06
72.2,35,5.4e-05
72.2,35.2,0.000226
72.2,35.4,0.000739
72.2,35.6,0.002024
72.2,35.8,0.004656
72.2,36,0.00892
72.2,36.2,0.014241
72.2,36.4,0.019152
72.2,36.6,0.022372
72.2,36.8,0.023956
72.2,37,0.024819
72.2,37.2,0.025004
72.2,37.4,0.023264
72.2,37.6,0.018771
72.2,37.8,0.012587
72.2,38,0.006869
72.2,38.2,0.003022
72.2,38.4,0.00107
72.2,38.6,0.000305
72.2,38.8,7.1e-05
72.2,39,1.3e-05
72.2,39.2,1e-06
72.4,34.8,5e-06
72.4,35,2.5e-05
72.4,35.2,0.000102
72.4,35.4,0.000339
72.4,35.6,0.000912
72.4,35.8,0.002077
72.4,36,0.004005
72.4,36.2,0.006568
72.4,36.4,0.009352
72.4,36.6,0.012073
72.4,36.8,0.014894
72.4,37,0.017889
72.4,37.2,0.020124
72.4,37.4,0.01993
72.4,37.6,0.01657
72.4,37.8,0.011266
72.4,38,0.006193
72.4,38.2,0.002746
72.4,38.4,0.000986
72.4,38.6,0.000289
72.4,38.8,7.1e-05
72.4,39,1.4e-05
72.4,39.2,2e-06
72.6,34.8,3e-06
72.6,35,1e-05
72.6,35.2,4e-05
72.6,35.4,0.000133
72.6,35.6,0.000366
72.6,35.8,0.000833
72.6,36,0.001629
72.6,36.2,0.002794
72.6,36.4,0.004336
72.6,36.6,0.006373
72.6,36.8,0.009109
72.6,37,0.012341
72.6,37.2,0.014954
72.6,37.4,0.015398
72.6,37.6,0.013063
72.6,37.8,0.009006
72.6,38,0.005032
72.6,38.2,0.002294
72.6,38.4,0.000866
72.6,38.6,0.000277
72.6,38.8,7.7e-05
72.6,39,1.9e-05
72.6,39.2,3e-06
72.8,35,4e-06
72.8,35.2,1.3e-05
72.8,35.4,4.5e-05
72.8,35.6,0.000126
72.8,35.8,0.0003
72.8,36,0.000606
72.8,36.2,0.001116
72.8,36.4,0.001945
72.8,36.6,0.003298
72.8,36.8,0.005355
72.8,37,0.007909
72.8,37.2,0.01006
72.8,37.4,0.010655
72.8,37.6,0.00924
72.8,37.8,0.006546
72.8,38,0.003825
72.8,38.2,0.001884
72.8,38.4,0.000805
72.8,38.6,0.000306
72.8,38.8,0.000104
72.8,39,3.1e-05
72.8,39.2,7e-06
72.8,39.4,2e-06
73,35.2,4e-06
73,35.4,1.1e-05
73,35.6,3.7e-05
73,35.8,9.5e-05
73,36,0.000207
73,36.2,0.000423
73,36.4,0.000847
73,36.6,0.001642
73,36.8,0.002942
73,37,0.004616
73,37.2,0.006099
73,37.4,0.006669
73,37.6,0.006032
73,37.8,0.004573
73,38,0.002983
73,38.2,0.001723
73,38.4,0.000893
73,38.6,0.00041
73,38.8,0.000162
73,39,5.3e-05
73,39.2,1.4e-05
73,39.4,3e-06
73.2,35.4,3e-06
73.2,35.6,8e-06
73.2,35.8,2.5e-05
73.2,36,6.6e-05
73.2,36.2,0.000153
73.2,36.4,0.000353
73.2,36.6,0.000767
73.2,36.8,0.001483
73.2,37,0.002448
73.2,37.2,0.003387
73.2,37.4,0.00394
73.2,37.6,0.003922
73.2,37.8,0.003433
73.2,38,0.002699
73.2,38.2,0.001898
73.2,38.4,0.001162
73.2,38.6,0.000599
73.2,38.8,0.000254
73.2,39,8.6e-05
73.2,39.2,2.4e-05
73.2,39.4,5e-06
73.4,36,1.8e-05
73.4,36.2,5.2e-05
73.4,36.4,0.000138
73.4,36.6,0.000331
73.4,36.8,0.000687
73.4,37,0.001212
73.4,37.2,0.001831
73.4,37.4,0.00242
73.4,37.6,0.00287
73.4,37.8,0.003067
73.4,38,0.002895
73.4,38.2,0.002333
73.4,38.4,0.001557
73.4,38.6,0.000843
73.4,38.8,0.000366
73.4,39,0.000126
73.4,39.2,3.5e-05
73.4,39.4,8e-06
73.6,36,4e-06
73.6,36.2,1.6e-05
73.6,36.4,5.1e-05
73.6,36.6,0.000134
73.6,36.8,0.000305
73.6,37,0.000606
73.6,37.2,0.001077
73.6,37.4,0.001734
73.6,37.6,0.002502
73.6,37.8,0.003131
73.6,38,0.003284
73.6,38.2,0.002815
73.6,38.4,0.001942
73.6,38.6,0.00107
73.6,38.8,0.000467
73.6,39,0.000163
73.6,39.2,4.5e-05
73.6,39.4,1e-05
73.6,39.6,2e-06
73.8,36.2,4e-06
73.8,36.4,1.9e-05
73.8,36.6,5.5e-05
73.8,36.8,0.000144
73.8,37,0.000345
73.8,37.2,0.000753
73.8,37.4,0.00145
73.8,37.6,0.002378
73.8,37.8,0.003217
73.8,38,0.003524
73.8,38.2,0.003089
73.8,38.4,0.002156
73.8,38.6,0.001194
73.8,38.8,0.000524
73.8,39,0.000183
73.8,39.2,5.1e-05
73.8,39.4,1.1e-05
73.8,39.6,2e-06
74,36.4,7e-06
74,36.6,2.4e-05
74,36.8,7.9e-05
74,37,0.000232
74,37.2,0.000591
74,37.4,0.001258
74,37.6,0.002182
74,37.8,0.003044
74,38,0.003386
74,38.2,0.002992
74,38.4,0.002096
74,38.6,0.001163
74,38.8,0.000511
74,39,0.000178
74,39.2,5e-05
74,39.4,1.1e-05
74,39.6,2e-06
74.2,36.6,1.2e-05
74.2,36.8,5e-05
74.2,37,0.000168
74.2,37.2,0.000461
74.2,37.4,0.001022
74.2,37.6,0.00181
74.2,37.8,0.002553
74.2,38,0.002856
74.2,38.2,0.002531
74.2,38.4,0.001777
74.2,38.6,0.000987
74.2,38.8,0.000434
74.2,39,0.000151
74.2,39.2,4.2e-05
74.2,39.4,9e-06
74.2,39.6,2e-06
74.4,36.6,7e-06
74.4,36.8,3.3e-05
74.4,37,0.000115
74.4,37.2,0.000328
74.4,37.4,0.00074
74.4,37.6,0.001321
74.4,37.8,0.001873
74.4,38,0.002101
74.4,38.2,0.001866
74.4,38.4,0.001311
74.4,38.6,0.000729
74.4,38.8,0.000321
74.4,39,0.000112
74.4,39.2,3.1e-05
74.4,39.4,7e-06
74.6,36.8,2e-05
74.6,37,7.3e-05
74.6,37.2,0.000207
74.6,37.4,0.00047
74.6,37.6,0.000843
74.6,37.8,0.001197
74.6,38,0.001345
74.6,38.2,0.001196
74.6,38.4,0.000842
74.6,38.6,0.000469
74.6,38.8,0.000207
74.6,39,7.2e-05
74.6,39.2,2e-05
74.6,39.4,5e-06
74.8,36.8,1.1e-05
74.8,37,4e-05
74.8,37.2,0.000114
74.8,37.4,0.00026
74.8,37.6,0.000468
74.8,37.8,0.000665
74.8,38,0.000749
74.8,38.2,0.000667
74.8,38.4,0.00047
74.8,38.6,0.000262
74.8,38.8,0.000116
74.8,39,4.1e-05
74.8,39.2,1.1e-05
74.8,39.4,3e-06
75,37,1.9e-05
75,37.2,5.5e-05
75,37.4,0.000125
75,37.6,0.000225
75,37.8,0.000321
75,38,0.000362
75,38.2,0.000323
75,38.4,0.000228
75,38.6,0.000128
75,38.8,5.6e-05
75,39,2e-05
75,39.2,6e-06
75.2,37,8e-06
75.2,37.2,2.3e-05
75.2,37.4,5.2e-05
75.2,37.6,9.4e-05
75.2,37.8,0.000135
75.2,38,0.000152
75.2,38.2,0.000136
75.2,38.4,9.7e-05
75.2,38.6,5.4e-05
75.2,38.8,2.4e-05
75.2,39,8e-06
75.2,39.2,2e-06
75.4,37.2,8e-06
75.4,37.4,1.9e-05
75.4,37.6,3.4e-05
75.4,37.8,4.9e-05
75.4,38,5.6e-05
75.4,38.2,5e-05
75.4,38.4,3.5e-05
75.4,38.6,2e-05
75.4,38.8,9e-06
75.4,39,3e-06
75.6,37.6,1.1e-05
75.6,37.8,1.6e-05
75.6,38,1.8e-05
75.6,38.2,1.6e-05
75.6,38.4,1.1e-05
75.6,38.6,6e-06
92,24.2,2e-06
92,24.4,3e-06
92,24.6,2e-06
92.2,5.4,1e-06
92.2,5.6,1e-06
92.2,23.8,4e-06
92.2,24,7e-06
92.2,24.2,1e-05
92.2,24.4,1.2e-05
92.2,24.6,1e-05
92.2,24.8,7e-06
92.2,25,4e-06
92.4,4.8,2e-06
92.4,5,3e-06
92.4,5.2,4e-06
92.4,5.4,5e-06
92.4,5.6,4e-06
92.4,5.8,3e-06
92.4,6,2e-06
92.4,6.2,1e-06
92.4,23.4,2e-06
92.4,23.6,6e-06
92.4,23.8,1.4e-05
92.4,24,2.6e-05
92.4,24.2,3.6e-05
92.4,24.4,4.1e-05
92.4,24.6,3.7e-05
92.4,24.8,2.6e-05
92.4,25,1.5e-05
92.4,25.2,6e-06
92.4,25.4,2e-06
92.6,4.6,3e-06
92.6,4.8,8e-06
92.6,5,1.4e-05
92.6,5.2,2e-05
92.6,5.4,2.3e-05
92.6,5.6,2e-05
92.6,5.8,1.4e-05
92.6,6,8e-06
92.6,6.2,4e-06
92.6,6.4,1e-06
92.6,23.4,6e-06
92.6,23.6,1.8e-05
92.6,23.8,4.2e-05
92.6,24,7.5e-05
92.6,24.2,0.000106
92.6,24.4,0.00012
92.6,24.6,0.000107
92.6,24.8,7.5e-05
92.6,25,4.2e-05
92.6,25.2,1.9e-05
92.6,25.4,6e-06
92.8,4.4,4e-06
92.8,4.6,1.3e-05
92.8,4.8,2.8e-05
92.8,5,5.1e-05
92.8,5.2,7.3e-05
92.8,5.4,8.2e-05
92.8,5.6,7.3e-05
92.8,5.8,5.1e-05
92.8,6,2.9e-05
92.8,6.2,1.3e-05
92.8,6.4,4e-06
92.8,6.6,1e-06
92.8,10.2,4e-06
92.8,10.4,5e-06
92.8,10.6,6e-06
92.8,10.8,5e-06
92.8,11,4e-06
92.8,11.2,2e-06
92.8,23.2,4e-06
92.8,23.4,1.5e-05
92.8,23.6,4.4e-05
92.8,23.8,0.0001
92.8,24,0.000179
92.8,24.2,0.000255
92.8,24.4,0.000287
92.8,24.6,0.000256
92.8,24.8,0.00018
92.8,25,0.0001
92.8,25.2,4.4e-05
92.8,25.4,1.5e-05
92.8,25.6,4e-06
93,4.2,3e-06
93,4.4,1.2e-05
93,4.6,3.6e-05
93,4.8,8.1e-05
93,5,0.000145
93,5.2,0.000206
93,5.4,0.000232
93,5.6,0.000206
93,5.8,0.000145
93,6,8.1e-05
93,6.2,3.6e-05
93,6.4,1.2e-05
93,6.6,3e-06
93,6.8,1e-06
93,7.6,1e-06
93,7.8,1e-06
93,8,1e-06
93,9.8,4e-06
93,10,9e-06
93,10.2,1.6e-05
93,10.4,2.2e-05
93,10.6,2.5e-05
93,10.8,2.2e-05
93,11,1.6e-05
93,11.2,9e-06
93,11.4,4e-06
93,11.6,1e-06
93,23.2,8e-06
93,23.4,3e-05
93,23.6,8.7e-05
93,23.8,0.000198
93,24,0.000355
93,24.2,0.000504
93,24.4,0.000567
93,24.6,0.000504
93,24.8,0.000355
93,25,0.000197
93,25.2,8.7e-05
93,25.4,3e-05
93,25.6,8e-06
93.2,4.2,8e-06
93.2,4.4,2.8e-05
93.2,4.6,8.1e-05
93.2,4.8,0.000183
93.2,5,0.000328
93.2,5.2,0.000465
93.2,5.4,0.000523
93.2,5.6,0.000465
93.2,5.8,0.000327
93.2,6,0.000182
93.2,6.2,8e-05
93.2,6.4,2.8e-05
93.2,6.6,8e-06
93.2,6.8,2e-06
93.2,7,1e-06
93.2,7.2,2e-06
93.2,7.4,3e-06
93.2,7.6,5e-06
93.2,7.8,5e-06
93.2,8,5e-06
93.2,8.2,3e-06
93.2,8.4,2e-06
93.2,9.6,5e-06
93.2,9.8,1.3e-05
93.2,10,3e-05
93.2,10.2,5.4e-05
93.2,10.4,7.7e-05
93.2,10.6,8.7e-05
93.2,10.8,7.7e-05
93.2,11,5.4e-05
93.2,11.2,3e-05
93.2,11.4,1.3e-05
93.2,11.6,5e-06
93.2,11.8,1e-06
93.2,23,3e-06
93.2,23.2,1.4e-05
93.2,23.4,5e-05
93.2,23.6,0.000142
93.2,23.8,0.000322
93.2,24,0.000578
93.2,24.2,0.00082
93.2,24.4,0.000921
93.2,24.6,0.000818
93.2,24.8,0.000575
93.2,25,0.00032
93.2,25.2,0.000141
93.2,25.4,4.9e-05
93.2,25.6,1.4e-05
93.2,25.8,3e-06
93.4,4.2,1.4e-05
93.4,4.4,5.1e-05
93.4,4.6,0.000145
93.4,4.8,0.000329
93.4,5,0.000589
93.4,5.2,0.000835
93.4,5.4,0.000938
93.4,5.6,0.000833
93.4,5.8,0.000586
93.4,6,0.000326
93.4,6.2,0.000144
93.4,6.4,5.1e-05
93.4,6.6,1.5e-05
93.4,6.8,5e-06
93.4,7,5e-06
93.4,7.2,9e-06
93.4,7.4,1.5e-05
93.4,7.6,2.1e-05
93.4,7.8,2.4e-05
93.4,8,2.1e-05
93.4,8.2,1.5e-05
93.4,8.4,8e-06
93.4,8.6,4e-06
93.4,8.8,1e-06
93.4,9.6,1.3e-05
93.4,9.8,3.7e-05
93.4,10,8.4e-05
93.4,10.2,0.00015
93.4,10.4,0.000213
93.4,10.6,0.00024
93.4,10.8,0.000213
93.4,11,0.00015
93.4,11.2,8.4e-05
93.4,11.4,3.7e-05
93.4,11.6,1.3e-05
93.4,11.8,4e-06
93.4,23,4e-06
93.4,23.2,1.8e-05
93.4,23.4,6.6e-05
93.4,23.6,0.00019
93.4,23.8,0.000431
93.4,24,0.000774
93.4,24.2,0.001097
93.4,24.4,0.001232
93.4,24.6,0.001094
93.4,24.8,0.000769
93.4,25,0.000428
93.4,25.2,0.000188
93.4,25.4,6.6e-05
93.4,25.6,1.8e-05
93.4,25.8,4e-06
93.6,4,5e-06
93.6,4.2,2.1e-05
93.6,4.4,7.4e-05
93.6,4.6,0.000211
93.6,4.8,0.000475
93.6,5,0.000848
93.6,5.2,0.001199
93.6,5.4,0.001342
93.6,5.6,0.001189
93.6,5.8,0.000835
93.6,6,0.000465
93.6,6.2,0.000207
93.6,6.4,7.6e-05
93.6,6.6,2.7e-05
93.6,6.8,1.5e-05
93.6,7,1.9e-05
93.6,7.2,3.3e-05
93.6,7.4,5.4e-05
93.6,7.6,7.5e-05
93.6,7.8,8.4e-05
93.6,8,7.4e-05
93.6,8.2,5.2e-05
93.6,8.4,2.9e-05
93.6,8.6,1.3e-05
93.6,8.8,4e-06
93.6,9,2e-06
93.6,9.4,8e-06
93.6,9.6,2.8e-05
93.6,9.8,8.1e-05
93.6,10,0.000185
93.6,10.2,0.000331
93.6,10.4,0.000471
93.6,10.6,0.000529
93.6,10.8,0.000471
93.6,11,0.000331
93.6,11.2,0.000185
93.6,11.4,8.1e-05
93.6,11.6,2.8e-05
93.6,11.8,8e-06
93.6,12,2e-06
93.6,23,4e-06
93.6,23.2,2e-05
93.6,23.4,7.3e-05
93.6,23.6,0.00021
93.6,23.8,0.000476
93.6,24,0.000853
93.6,24.2,0.00121
93.6,24.4,0.001358
93.6,24.6,0.001206
93.6,24.8,0.000847
93.6,25,0.000471
93.6,25.2,0.000207
93.6,25.4,7.2e-05
93.6,25.6,2e-05
93.6,25.8,4e-06
93.8,4,6e-06
93.8,4.2,2.7e-05
93.8,4.4,9.3e-05
93.8,4.6,0.000257
93.8,4.8,0.00057
93.8,5,0.001003
93.8,5.2,0.001403
93.8,5.4,0.001557
93.8,5.6,0.001372
93.8,5.8,0.000961
93.8,6,0.000538
93.8,6.2,0.000248
93.8,6.4,0.000106
93.8,6.6,5.7e-05
93.8,6.8,5e-05
93.8,7,6.5e-05
93.8,7.2,0.000101
93.8,7.4,0.000157
93.8,7.6,0.000213
93.8,7.8,0.000236
93.8,8,0.000209
93.8,8.2,0.000147
93.8,8.4,8.2e-05
93.8,8.6,3.6e-05
93.8,8.8,1.3e-05
93.8,9,4e-06
93.8,9.2,4e-06
93.8,9.4,1.4e-05
93.8,9.6,5e-05
93.8,9.8,0.000143
93.8,10,0.000325
93.8,10.2,0.000584
93.8,10.4,0.000829
93.8,10.6,0.000932
93.8,10.8,0.000829
93.8,11,0.000583
93.8,11.2,0.000325
93.8,11.4,0.000143
93.8,11.6,5e-05
93.8,11.8,1.4e-05
93.8,12,3e-06
93.8,23,4e-06
93.8,23.2,1.8e-05
93.8,23.4,6.6e-05
93.8,23.6,0.00019
93.8,23.8,0.000431
93.8,24,0.000774
93.8,24.2,0.001097
93.8,24.4,0.001232
93.8,24.6,0.001095
93.8,24.8,0.00077
93.8,25,0.000428
93.8,25.2,0.000189
93.8,25.4,6.6e-05
93.8,25.6,1.8e-05
93.8,25.8,4e-06
94,3.8,2e-06
94,4,8e-06
94,4.2,3.4e-05
94,4.4,0.00011
94,4.6,0.000288
94,4.8,0.000611
94,5,0.001038
94,5.2,0.001411
94,5.4,0.001531
94,5.6,0.001327
94,5.8,0.000924
94,6,0.000532
94,6.2,0.000281
94,6.4,0.000175
94,6.6,0.000152
94,6.8,0.000161
94,7,0.000189
94,7.2,0.000256
94,7.4,0.000368
94,7.6,0.000484
94,7.8,0.000531
94,8,0.000469
94,8.2,0.000329
94,8.4,0.000183
94,8.6,8.1e-05
94,8.8,2.8e-05
94,9,8e-06
94,9.2,6e-06
94,9.4,2e-05
94,9.6,7e-05
94,9.8,0.000202
94,10,0.000457
94,10.2,0.00082
94,10.4,0.001165
94,10.6,0.001309
94,10.8,0.001163
94,11,0.000818
94,11.2,0.000455
94,11.4,0.000201
94,11.6,7e-05
94,11.8,1.9e-05
94,12,4e-06
94,23,3e-06
94,23.2,1.4e-05
94,23.4,5e-05
94,23.6,0.000142
94,23.8,0.000322
94,24,0.000578
94,24.2,0.00082
94,24.4,0.000922
94,24.6,0.00082
94,24.8,0.000578
94,25,0.000323
94,25.2,0.000143
94,25.4,5.1e-05
94,25.6,1.5e-05
94,25.8,3e-06
94.2,3.8,3e-06
94.2,4,1.4e-05
94.2,4.2,5e-05
94.2,4.4,0.000144
94.2,4.6,0.000346
94.2,4.8,0.000675
94.2,5,0.001069
94.2,5.2,0.001368
94.2,5.4,0.001412
94.2,5.6,0.001182
94.2,5.8,0.000825
94.2,6,0.000529
94.2,6.2,0.000391
94.2,6.4,0.000385
94.2,6.6,0.000428
94.2,6.8,0.000457
94.2,7,0.000477
94.2,7.2,0.000548
94.2,7.4,0.000704
94.2,7.6,0.000881
94.2,7.8,0.00095
94.2,8,0.000834
94.2,8.2,0.000585
94.2,8.4,0.000325
94.2,8.6,0.000143
94.2,8.8,5e-05
94.2,9,1.5e-05
94.2,9.2,8e-06
94.2,9.4,2.2e-05
94.2,9.6,7.9e-05
94.2,9.8,0.000226
94.2,10,0.000512
94.2,10.2,0.000919
94.2,10.4,0.001304
94.2,10.6,0.001465
94.2,10.8,0.001303
94.2,11,0.000916
94.2,11.2,0.00051
94.2,11.4,0.000225
94.2,11.6,7.8e-05
94.2,11.8,2.2e-05
94.2,12,5e-06
94.2,12.2,1e-06
94.2,23.2,8e-06
94.2,23.4,3e-05
94.2,23.6,8.7e-05
94.2,23.8,0.000198
94.2,24,0.000356
94.2,24.2,0.000506
94.2,24.4,0.000571
94.2,24.6,0.000511
94.2,24.8,0.000365
94.2,25,0.00021
94.2,25.2,9.8e-05
94.2,25.4,3.8e-05
94.2,25.6,1.3e-05
94.2,25.8,4e-06
94.4,3.6,2e-06
94.4,3.8,8e-06
94.4,4,2.8e-05
94.4,4.2,8.6e-05
94.4,4.4,0.000222
94.4,4.6,0.000478
94.4,4.8,0.000848
94.4,5,0.00123
94.4,5.2,0.001454
94.4,5.4,0.001401
94.4,5.6,0.001126
94.4,5.8,0.000821
94.4,6,0.000672
94.4,6.2,0.000732
94.4,6.4,0.000914
94.4,6.6,0.001071
94.4,6.8,0.001104
94.4,7,0.00104
94.4,7.2,0.001012
94.4,7.4,0.001119
94.4,7.6,0.001297
94.4,7.8,0.001359
94.4,8,0.001182
94.4,8.2,0.000826
94.4,8.4,0.000459
94.4,8.6,0.000202
94.4,8.8,7e-05
94.4,9,2e-05
94.4,9.2,8e-06
94.4,9.4,2e-05
94.4,9.6,7e-05
94.4,9.8,0.000202
94.4,10,0.000457
94.4,10.2,0.00082
94.4,10.4,0.001165
94.4,10.6,0.001309
94.4,10.8,0.001163
94.4,11,0.000818
94.4,11.2,0.000455
94.4,11.4,0.000201
94.4,11.6,7e-05
94.4,11.8,1.9e-05
94.4,12,4e-06
94.4,23.2,4e-06
94.4,23.4,1.5e-05
94.4,23.6,4.4e-05
94.4,23.8,0.0001
94.4,24,0.000182
94.4,24.2,0.000262
94.4,24.4,0.000302
94.4,24.6,0.000282
94.4,24.8,0.000218
94.4,25,0.000143
94.4,25.2,8.2e-05
94.4,25.4,4.2e-05
94.4,25.6,1.9e-05
94.4,25.8,8e-06
94.4,26,2e-06
94.6,3.6,4e-06
94.6,3.8,1.7e-05
94.6,4,5.6e-05
94.6,4.2,0.000155
94.6,4.4,0.00036
94.6,4.6,0.000703
94.6,4.8,0.001141
94.6,5,0.00153
94.6,5.2,0.001687
94.6,5.4,0.001539
94.6,5.6,0.001223
94.6,5.8,0.001004
94.6,6,0.00108
94.6,6.2,0.001455
94.6,6.4,0.001936
94.6,6.6,0.002252
94.6,6.8,0.002233
94.6,7,0.001941
94.6,7.2,0.001629
94.6,7.4,0.001511
94.6,7.6,0.001562
94.6,7.8,0.001561
94.6,8,0.001336
94.6,8.2,0.000928
94.6,8.4,0.000515
94.6,8.6,0.000226
94.6,8.8,7.9e-05
94.6,9,2.2e-05
94.6,9.2,8e-06
94.6,9.4,1.5e-05
94.6,9.6,5e-05
94.6,9.8,0.000143
94.6,10,0.000325
94.6,10.2,0.000584
94.6,10.4,0.000829
94.6,10.6,0.000932
94.6,10.8,0.000829
94.6,11,0.000583
94.6,11.2,0.000325
94.6,11.4,0.000143
94.6,11.6,5e-05
94.6,11.8,1.4e-05
94.6,12,3e-06
94.6,23.4,6e-06
94.6,23.6,1.9e-05
94.6,23.8,4.3e-05
94.6,24,8.1e-05
94.6,24.2,0.000125
94.6,24.4,0.000162
94.6,24.6,0.000183
94.6,24.8,0.000184
94.6,25,0.000164
94.6,25.2,0.000127
94.6,25.4,8.3e-05
94.6,25.6,4.5e-05
94.6,25.8,1.9e-05
94.6,26,7e-06
94.6,26.2,2e-06
94.8,3.4,2e-06
94.8,3.6,9e-06
94.8,3.8,3.3e-05
94.8,4,0.000102
94.8,4.2,0.000263
94.8,4.4,0.00056
94.8,4.6,0.000996
94.8,4.8,0.001483
94.8,5,0.001845
94.8,5.2,0.001914
94.8,5.4,0.001686
94.8,5.6,0.001384
94.8,5.8,0.001337
94.8,6,0.001758
94.8,6.2,0.002577
94.8,6.4,0.003446
94.8,6.6,0.003921
94.8,6.8,0.003752
94.8,7,0.003069
94.8,7.2,0.002287
94.8,7.4,0.001772
94.8,7.6,0.001568
94.8,7.8,0.00145
94.8,8,0.001206
94.8,8.2,0.000831
94.8,8.4,0.00046
94.8,8.6,0.000202
94.8,8.8,7e-05
94.8,9,2e-05
94.8,9.2,6e-06
94.8,9.4,9e-06
94.8,9.6,2.8e-05
94.8,9.8,8.1e-05
94.8,10,0.000185
94.8,10.2,0.000331
94.8,10.4,0.000471
94.8,10.6,0.000529
94.8,10.8,0.000471
94.8,11,0.000331
94.8,11.2,0.000185
94.8,11.4,8.1e-05
94.8,11.6,2.8e-05
94.8,11.8,8e-06
94.8,12,2e-06
94.8,23.4,2e-06
94.8,23.6,7e-06
94.8,23.8,1.8e-05
94.8,24,4.1e-05
94.8,24.2,8.1e-05
94.8,24.4,0.000142
94.8,24.6,0.000218
94.8,24.8,0.000284
94.8,25,0.000305
94.8,25.2,0.000265
94.8,25.4,0.000184
94.8,25.6,0.000102
94.8,25.8,4.5e-05
94.8,26,1.6e-05
94.8,26.2,4e-06
95,3.4,3e-06
95,3.6,1.5e-05
95,3.8,5.4e-05
95,4,0.000163
95,4.2,0.000397
95,4.4,0.00079
95,4.6,0.001298
95,4.8,0.001778
95,5,0.002043
95,5.2,0.001988
95,5.4,0.001702
95,5.6,0.001485
95,5.8,0.0017
95,6,0.002546
95,6.2,0.003854
95,6.4,0.005095
95,6.6,0.005653
95,6.8,0.005235
95,7,0.004082
95,7.2,0.002783
95,7.4,0.001835
95,7.6,0.001346
95,7.8,0.001104
95,8,0.000875
95,8.2,0.000593
95,8.4,0.000327
95,8.6,0.000143
95,8.8,5e-05
95,9,1.4e-05
95,9.2,4e-06
95,9.4,4e-06
95,9.6,1.3e-05
95,9.8,3.7e-05
95,10,8.4e-05
95,10.2,0.00015
95,10.4,0.000213
95,10.6,0.00024
95,10.8,0.000213
95,11,0.00015
95,11.2,8.4e-05
95,11.4,3.7e-05
95,11.6,1.3e-05
95,11.8,4e-06
95,16.2,5e-06
95,16.4,7e-06
95,16.6,7e-06
95,16.8,7e-06
95,23.6,4e-06
95,23.8,1.2e-05
95,24,3.8e-05
95,24.2,9.8e-05
95,24.4,0.00021
95,24.6,0.000367
95,24.8,0.000513
95,25,0.000573
95,25.2,0.000508
95,25.4,0.000356
95,25.6,0.000198
95,25.8,8.7e-05
95,26,3e-05
95,26.2,8e-06
95,26.4,2e-06
95.2,3.4,5e-06
95.2,3.6,2.1e-05
95.2,3.8,7.4e-05
95.2,4,0.000217
95.2,4.2,0.000513
95.2,4.4,0.000976
95.2,4.6,0.001515
95.2,4.8,0.001939
95.2,5,0.002072
95.2,5.2,0.001893
95.2,5.4,0.001584
95.2,5.6,0.001488
95.2,5.8,0.001964
95.2,6,0.003167
95.2,6.2,0.00483
95.2,6.4,0.006273
95.2,6.6,0.006778
95.2,6.8,0.006081
95.2,7,0.004553
95.2,7.2,0.002904
95.2,7.4,0.001684
95.2,7.6,0.001016
95.2,7.8,0.000705
95.2,8,0.000514
95.2,8.2,0.000338
95.2,8.4,0.000185
95.2,8.6,8.1e-05
95.2,8.8,2.8e-05
95.2,9,8e-06
95.2,9.6,5e-06
95.2,9.8,1.3e-05
95.2,10,3e-05
95.2,10.2,5.4e-05
95.2,10.4,7.7e-05
95.2,10.6,8.7e-05
95.2,10.8,7.7e-05
95.2,11,5.4e-05
95.2,11.2,3e-05
95.2,11.4,1.3e-05
95.2,11.6,5e-06
95.2,11.8,1e-06
95.2,15.8,5e-06
95.2,16,1e-05
95.2,16.2,1.9e-05
95.2,16.4,2.6e-05
95.2,16.6,3e-05
95.2,16.8,2.7e-05
95.2,17,1.9e-05
95.2,17.2,1e-05
95.2,23.6,3e-06
95.2,23.8,1.5e-05
95.2,24,5.1e-05
95.2,24.2,0.000144
95.2,24.4,0.000324
95.2,24.6,0.000579
95.2,24.8,0.000821
95.2,25,0.000921
95.2,25.2,0.000818
95.2,25.4,0.000575
95.2,25.6,0.00032
95.2,25.8,0.000141
95.2,26,4.9e-05
95.2,26.2,1.4e-05
95.2,26.4,3e-06
95.4,2.6,2e-06
95.4,2.8,3e-06
95.4,3,4e-06
95.4,3.2,6e-06
95.4,3.4,9e-06
95.4,3.6,2.5e-05
95.4,3.8,8.3e-05
95.4,4,0.000238
95.4,4.2,0.00055
95.4,4.4,0.001023
95.4,4.6,0.001539
95.4,4.8,0.001896
95.4,5,0.001944
95.4,5.2,0.00172
95.4,5.4,0.001444
95.4,5.6,0.001449
95.4,5.8,0.002059
95.4,6,0.003386
95.4,6.2,0.005105
95.4,6.4,0.006484
95.4,6.6,0.006813
95.4,6.8,0.005918
95.4,7,0.004265
95.4,7.2,0.002579
95.4,7.4,0.001358
95.4,7.6,0.000689
95.4,7.8,0.000389
95.4,8,0.000249
95.4,8.2,0.000155
95.4,8.4,8.3e-05
95.4,8.6,3.6e-05
95.4,8.8,1.3e-05
95.4,9,3e-06
95.4,9.8,4e-06
95.4,10,9e-06
95.4,10.2,1.6e-05
95.4,10.4,2.2e-05
95.4,10.6,2.5e-05
95.4,10.8,2.2e-05
95.4,11,1.6e-05
95.4,11.2,9e-06
95.4,11.4,4e-06
95.4,11.6,1e-06
95.4,15.6,5e-06
95.4,15.8,1.5e-05
95.4,16,3.4e-05
95.4,16.2,6.1e-05
95.4,16.4,8.6e-05
95.4,16.6,9.7e-05
95.4,16.8,8.7e-05
95.4,17,6.1e-05
95.4,17.2,3.4e-05
95.4,17.4,1.5e-05
95.4,23.6,4e-06
95.4,23.8,1.8e-05
95.4,24,6.7e-05
95.4,24.2,0.00019
95.4,24.4,0.00043
95.4,24.6,0.000771
95.4,24.8,0.001094
95.4,25,0.001227
95.4,25.2,0.00109
95.4,25.4,0.000766
95.4,25.6,0.000426
95.4,25.8,0.000187
95.4,26,6.5e-05
95.4,26.2,1.8e-05
95.4,26.4,4e-06
95.6,2.2,2e-06
95.6,2.4,4e-06
95.6,2.6,8e-06
95.6,2.8,1.4e-05
95.6,3,2e-05
95.6,3.2,2.3e-05
95.6,3.4,2.4e-05
95.6,3.6,3.4e-05
95.6,3.8,8e-05
95.6,4,0.000212
95.6,4.2,0.000483
95.6,4.4,0.000892
95.6,4.6,0.001338
95.6,4.8,0.001652
95.6,5,0.001721
95.6,5.2,0.001582
95.6,5.4,0.001405
95.6,5.6,0.001455
95.6,5.8,0.002006
95.6,6,0.00316
95.6,6.2,0.00461
95.6,6.4,0.005691
95.6,6.6,0.005802
95.6,6.8,0.004871
95.6,7,0.003378
95.6,7.2,0.001948
95.6,7.4,0.000953
95.6,7.6,0.000421
95.6,7.8,0.000192
95.6,8,0.000102
95.6,8.2,5.8e-05
95.6,8.4,3e-05
95.6,8.6,1.3e-05
95.6,8.8,4e-06
95.6,10.2,4e-06
95.6,10.4,5e-06
95.6,10.6,6e-06
95.6,10.8,5e-06
95.6,11,4e-06
95.6,11.2,2e-06
95.6,15.4,4e-06
95.6,15.6,1.4e-05
95.6,15.8,3.9e-05
95.6,16,8.9e-05
95.6,16.2,0.00016
95.6,16.4,0.000227
95.6,16.6,0.000256
95.6,16.8,0.000228
95.6,17,0.00016
95.6,17.2,8.9e-05
95.6,17.4,3.9e-05
95.6,17.6,1.4e-05
95.6,23.6,4e-06
95.6,23.8,2e-05
95.6,24,7.3e-05
95.6,24.2,0.000209
95.6,24.4,0.000473
95.6,24.6,0.000849
95.6,24.8,0.001204
95.6,25,0.001351
95.6,25.2,0.0012
95.6,25.4,0.000843
95.6,25.6,0.000469
95.6,25.8,0.000206
95.6,26,7.2e-05
95.6,26.2,2e-05
95.6,26.4,4e-06
95.8,2.2,6e-06
95.8,2.4,1.4e-05
95.8,2.6,2.9e-05
95.8,2.8,5.1e-05
95.8,3,7.2e-05
95.8,3.2,8.1e-05
95.8,3.4,7.5e-05
95.8,3.6,6.4e-05
95.8,3.8,7.9e-05
95.8,4,0.00016
95.8,4.2,0.000348
95.8,4.4,0.000648
95.8,4.6,0.001002
95.8,4.8,0.001311
95.8,5,0.001497
95.8,5.2,0.001542
95.8,5.4,0.001505
95.8,5.6,0.001537
95.8,5.8,0.001871
95.8,6,0.002633
95.8,6.2,0.003613
95.8,6.4,0.004293
95.8,6.6,0.004233
95.8,6.8,0.003429
95.8,7,0.002285
95.8,7.2,0.001258
95.8,7.4,0.000579
95.8,7.6,0.000231
95.8,7.8,8.7e-05
95.8,8,3.7e-05
95.8,8.2,1.8e-05
95.8,8.4,9e-06
95.8,15.2,2e-06
95.8,15.4,8e-06
95.8,15.6,2.9e-05
95.8,15.8,8.3e-05
95.8,16,0.000189
95.8,16.2,0.00034
95.8,16.4,0.000483
95.8,16.6,0.000543
95.8,16.8,0.000483
95.8,17,0.00034
95.8,17.2,0.000189
95.8,17.4,8.3e-05
95.8,17.6,2.9e-05
95.8,17.8,8e-06
95.8,23.6,4e-06
95.8,23.8,1.8e-05
95.8,24,6.6e-05
95.8,24.2,0.00019
95.8,24.4,0.00043
95.8,24.6,0.000771
95.8,24.8,0.001093
95.8,25,0.001227
95.8,25.2,0.00109
95.8,25.4,0.000766
95.8,25.6,0.000426
95.8,25.8,0.000187
95.8,26,6.5e-05
95.8,26.2,1.8e-05
95.8,26.4,4e-06
96,2.2,1.6e-05
96,2.4,4e-05
96,2.6,8.4e-05
96,2.8,0.000146
96,3,0.000205
96,3.2,0.00023
96,3.4,0.000206
96,3.6,0.000152
96,3.8,0.000109
96,4,0.00012
96,4.2,0.000215
96,4.4,0.000404
96,4.6,0.000676
96,4.8,0.000998
96,5,0.001319
96,5.2,0.001558
96,5.4,0.001644
96,5.6,0.001622
96,5.8,0.001684
96,6,0.002003
96,6.2,0.002491
96,6.4,0.002811
96,6.6,0.00267
96,6.8,0.002086
96,7,0.001334
96,7.2,0.000701
96,7.4,0.000305
96,7.6,0.000112
96,7.8,3.7e-05
96,8,1.2e-05
96,8.2,5e-06
96,15.2,3e-06
96,15.4,1.4e-05
96,15.6,5e-05
96,15.8,0.000143
96,16,0.000325
96,16.2,0.000582
96,16.4,0.000827
96,16.6,0.000929
96,16.8,0.000826
96,17,0.000581
96,17.2,0.000323
96,17.4,0.000142
96,17.6,5e-05
96,17.8,1.4e-05
96,23.6,3e-06
96,23.8,1.4e-05
96,24,5e-05
96,24.2,0.000142
96,24.4,0.000322
96,24.6,0.000577
96,24.8,0.000819
96,25,0.00092
96,25.2,0.000817
96,25.4,0.000575
96,25.6,0.00032
96,25.8,0.000141
96,26,4.9e-05
96,26.2,1.4e-05
96,26.4,3e-06
96.2,2.2,3.6e-05
96.2,2.4,9e-05
96.2,2.6,0.00019
96.2,2.8,0.000331
96.2,3,0.000465
96.2,3.2,0.000521
96.2,3.4,0.000464
96.2,3.6,0.000329
96.2,3.8,0.000195
96.2,4,0.00012
96.2,4.2,0.000131
96.2,4.4,0.000233
96.2,4.6,0.000438
96.2,4.8,0.000754
96.2,5,0.001145
96.2,5.2,0.00149
96.2,5.4,0.00164
96.2,5.6,0.001564
96.2,5.8,0.001419
96.2,6,0.0014
96.2,6.2,0.001522
96.2,6.4,0.001601
96.2,6.6,0.001459
96.2,6.8,0.0011
96.2,7,0.000676
96.2,7.2,0.00034
96.2,7.4,0.00014
96.2,7.6,4.8e-05
96.2,7.8,1.4e-05
96.2,8,4e-06
96.2,15.2,4e-06
96.2,15.4,1.9e-05
96.2,15.6,6.9e-05
96.2,15.8,0.000198
96.2,16,0.000449
96.2,16.2,0.000805
96.2,16.4,0.001142
96.2,16.6,0.001283
96.2,16.8,0.00114
96.2,17,0.000802
96.2,17.2,0.000446
96.2,17.4,0.000196
96.2,17.6,6.8e-05
96.2,17.8,1.9e-05
96.2,23.8,8e-06
96.2,24,3e-05
96.2,24.2,8.7e-05
96.2,24.4,0.000198
96.2,24.6,0.000356
96.2,24.8,0.000506
96.2,25,0.000569
96.2,25.2,0.000506
96.2,25.4,0.000356
96.2,25.6,0.000198
96.2,25.8,8.7e-05
96.2,26,3e-05
96.2,26.2,8e-06
96.4,2.2,6.5e-05
96.4,2.4,0.000161
96.4,2.6,0.00034
96.4,2.8,0.000593
96.4,3,0.000834
96.4,3.2,0.000935
96.4,3.4,0.000831
96.4,3.6,0.000586
96.4,3.8,0.000331
96.4,4,0.000161
96.4,4.2,0.0001
96.4,4.4,0.000139
96.4,4.6,0.000283
96.4,4.8,0.000549
96.4,5,0.000907
96.4,5.2,0.00124
96.4,5.4,0.001387
96.4,5.6,0.00129
96.4,5.8,0.001065
96.4,6,0.000888
96.4,6.2,0.000824
96.4,6.4,0.00079
96.4,6.6,0.000687
96.4,6.8,0.0005
96.4,7,0.000297
96.4,7.2,0.000143
96.4,7.4,5.6e-05
96.4,7.6,1.8e-05
96.4,7.8,5e-06
96.4,15,1e-06
96.4,15.2,5e-06
96.4,15.4,2.1e-05
96.4,15.6,7.7e-05
96.4,15.8,0.00022
96.4,16,0.0005
96.4,16.2,0.000896
96.4,16.4,0.001272
96.4,16.6,0.001429
96.4,16.8,0.001269
96.4,17,0.000893
96.4,17.2,0.000497
96.4,17.4,0.000219
96.4,17.6,7.6e-05
96.4,17.8,2.1e-05
96.4,23.8,4e-06
96.4,24,1.5e-05
96.4,24.2,4.4e-05
96.4,24.4,0.000101
96.4,24.6,0.000181
96.4,24.8,0.000258
96.4,25,0.00029
96.4,25.2,0.000259
96.4,25.4,0.000182
96.4,25.6,0.000102
96.4,25.8,4.5e-05
96.4,26,1.6e-05
96.4,26.2,5e-06
96.6,2.2,9.2e-05
96.6,2.4,0.000229
96.6,2.6,0.000484
96.6,2.8,0.000843
96.6,3,0.001186
96.6,3.2,0.00133
96.6,3.4,0.001183
96.6,3.6,0.000834
96.6,3.8,0.000468
96.6,4,0.000215
96.6,4.2,0.000101
96.6,4.4,9.8e-05
96.6,4.6,0.000188
96.6,4.8,0.000371
96.6,5,0.000625
96.6,5.2,0.000862
96.6,5.4,0.000963
96.6,5.6,0.000878
96.6,5.8,0.000681
96.6,6,0.000498
96.6,6.2,0.000392
96.6,6.4,0.000335
96.6,6.6,0.000275
96.6,6.8,0.000193
96.6,7,0.000112
96.6,7.2,5.2e-05
96.6,7.4,2e-05
96.6,7.6,6e-06
96.6,7.8,1e-06
96.6,15,1e-06
96.6,15.2,4e-06
96.6,15.4,1.9e-05
96.6,15.6,6.9e-05
96.6,15.8,0.000198
96.6,16,0.000449
96.6,16.2,0.000805
96.6,16.4,0.001142
96.6,16.6,0.001283
96.6,16.8,0.00114
96.6,17,0.000802
96.6,17.2,0.000446
96.6,17.4,0.000196
96.6,17.6,6.8e-05
96.6,17.8,1.9e-05
96.6,24,6e-06
96.6,24.2,1.9e-05
96.6,24.4,4.2e-05
96.6,24.6,7.6e-05
96.6,24.8,0.000109
96.6,25,0.000123
96.6,25.2,0.000111
96.6,25.4,7.9e-05
96.6,25.6,4.6e-05
96.6,25.8,2.2e-05
96.6,26,9e-06
96.8,2.2,0.000104
96.8,2.4,0.000259
96.8,2.6,0.000546
96.8,2.8,0.000953
96.8,3,0.001343
96.8,3.2,0.001509
96.8,3.4,0.001346
96.8,3.6,0.000953
96.8,3.8,0.000538
96.8,4,0.000251
96.8,4.2,0.000121
96.8,4.4,0.000105
96.8,4.6,0.000162
96.8,4.8,0.000269
96.8,5,0.000404
96.8,5.2,0.00052
96.8,5.4,0.000557
96.8,5.6,0.000492
96.8,5.8,0.000363
96.8,6,0.00024
96.8,6.2,0.000163
96.8,6.4,0.000121
96.8,6.6,9.2e-05
96.8,6.8,6.3e-05
96.8,7,3.5e-05
96.8,7.2,1.6e-05
96.8,7.4,6e-06
96.8,7.6,2e-06
96.8,15.2,3e-06
96.8,15.4,1.4e-05
96.8,15.6,5e-05
96.8,15.8,0.000143
96.8,16,0.000325
96.8,16.2,0.000582
96.8,16.4,0.000827
96.8,16.6,0.000929
96.8,16.8,0.000826
96.8,17,0.000581
96.8,17.2,0.000323
96.8,17.4,0.000142
96.8,17.6,5e-05
96.8,17.8,1.4e-05
96.8,24.2,6e-06
96.8,24.4,1.5e-05
96.8,24.6,2.7e-05
96.8,24.8,3.9e-05
96.8,25,4.7e-05
96.8,25.2,4.6e-05
96.8,25.4,3.8e-05
96.8,25.6,2.8e-05
96.8,25.8,1.8e-05
96.8,26,1e-05
97,2.2,9.4e-05
97,2.4,0.000234
97,2.6,0.000496
97,2.8,0.00087
97,3,0.001233
97,3.2,0.001397
97,3.4,0.00126
97,3.6,0.000905
97,3.8,0.000525
97,4,0.000268
97,4.2,0.000168
97,4.4,0.000182
97,4.6,0.000247
97,4.8,0.000314
97,5,0.000352
97,5.2,0.000352
97,5.4,0.000314
97,5.6,0.000245
97,5.8,0.000166
97,6,0.0001
97,6.2,5.8e-05
97,6.4,3.7e-05
97,6.6,2.6e-05
97,6.8,1.7e-05
97,7,9e-06
97,7.2,4e-06
97,7.4,1e-06
97,15.2,2e-06
97,15.4,8e-06
97,15.6,2.9e-05
97,15.8,8.3e-05
97,16,0.000189
97,16.2,0.00034
97,16.4,0.000483
97,16.6,0.000543
97,16.8,0.000483
97,17,0.00034
97,17.2,0.000189
97,17.4,8.3e-05
97,17.6,2.9e-05
97,17.8,8e-06
97,24.4,5e-06
97,24.6,1e-05
97,24.8,1.7e-05
97,25,2.7e-05
97,25.2,3.8e-05
97,25.4,4.6e-05
97,25.6,4.8e-05
97,25.8,4.1e-05
97,26,2.8e-05
97,26.2,1.6e-05
97,26.4,7e-06
97.2,2.4,0.000175
97.2,2.6,0.000377
97.2,2.8,0.000674
97.2,3,0.000978
97.2,3.2,0.001141
97.2,3.4,0.001065
97.2,3.6,0.000801
97.2,3.8,0.000502
97.2,4,0.000308
97.2,4.2,0.000272
97.2,4.4,0.000359
97.2,4.6,0.000484
97.2,4.8,0.000552
97.2,5,0.000515
97.2,5.2,0.000399
97.2,5.4,0.000264
97.2,5.6,0.000154
97.2,5.8,8.1e-05
97.2,6,3.9e-05
97.2,6.2,1.9e-05
97.2,6.4,1e-05
97.2,6.6,6e-06
97.2,6.8,3e-06
97.2,7,2e-06
97.2,15.2,1e-06
97.2,15.4,4e-06
97.2,15.6,1.4e-05
97.2,15.8,3.9e-05
97.2,16,8.9e-05
97.2,16.2,0.00016
97.2,16.4,0.000227
97.2,16.6,0.000256
97.2,16.8,0.000228
97.2,17,0.00016
97.2,17.2,8.9e-05
97.2,17.4,3.9e-05
97.2,17.6,1.4e-05
97.2,17.8,4e-06
97.2,24.4,3e-06
97.2,24.6,8e-06
97.2,24.8,2.1e-05
97.2,25,4.6e-05
97.2,25.2,8e-05
97.2,25.4,0.000112
97.2,25.6,0.000125
97.2,25.8,0.000111
97.2,26,7.8e-05
97.2,26.2,4.4e-05
97.2,26.4,1.9e-05
97.2,26.6,7e-06
97.4,2.4,0.000121
97.4,2.6,0.000274
97.4,2.8,0.000516
97.4,3,0.000796
97.4,3.2,0.000994
97.4,3.4,0.001002
97.4,3.6,0.000824
97.4,3.8,0.000581
97.4,4,0.000425
97.4,4.2,0.000448
97.4,4.4,0.000629
97.4,4.6,0.000846
97.4,4.8,0.000944
97.4,5,0.000845
97.4,5.2,0.000604
97.4,5.4,0.000348
97.4,5.6,0.000164
97.4,5.8,6.5e-05
97.4,6,2.2e-05
97.4,6.2,7e-06
97.4,15.4,1e-06
97.4,15.6,5e-06
97.4,15.8,1.5e-05
97.4,16,3.4e-05
97.4,16.2,6.1e-05
97.4,16.4,8.6e-05
97.4,16.6,9.7e-05
97.4,16.8,8.7e-05
97.4,17,6.1e-05
97.4,17.2,3.4e-05
97.4,17.4,1.5e-05
97.4,17.6,5e-06
97.4,24.4,4e-06
97.4,24.6,1.6e-05
97.4,24.8,4.5e-05
97.4,25,0.000102
97.4,25.2,0.000184
97.4,25.4,0.000261
97.4,25.6,0.000293
97.4,25.8,0.000261
97.4,26,0.000184
97.4,26.2,0.000102
97.4,26.4,4.5e-05
97.4,26.6,1.6e-05
97.6,2.4,9.8e-05
97.6,2.6,0.000237
97.6,2.8,0.000484
97.6,3,0.000809
97.6,3.2,0.001095
97.6,3.4,0.001198
97.6,3.6,0.00107
97.6,3.8,0.000819
97.6,4,0.000638
97.6,4.2,0.000668
97.6,4.4,0.00091
97.6,4.6,0.001204
97.6,4.8,0.001332
97.6,5,0.001181
97.6,5.2,0.000832
97.6,5.4,0.000466
97.6,5.6,0.000207
97.6,5.8,7.4e-05
97.6,6,2.1e-05
97.6,6.2,5e-06
97.6,15.6,2e-06
97.6,15.8,5e-06
97.6,16,1e-05
97.6,16.2,1.9e-05
97.6,16.4,2.6e-05
97.6,16.6,3e-05
97.6,16.8,2.7e-05
97.6,17,1.9e-05
97.6,17.2,1e-05
97.6,17.4,5e-06
97.6,24.2,2e-06
97.6,24.4,8e-06
97.6,24.6,3.1e-05
97.6,24.8,8.8e-05
97.6,25,0.000199
97.6,25.2,0.000357
97.6,25.4,0.000508
97.6,25.6,0.000571
97.6,25.8,0.000507
97.6,26,0.000357
97.6,26.2,0.000199
97.6,26.4,8.8e-05
97.6,26.6,3.1e-05
97.6,26.8,8e-06
97.8,2.6,0.000258
97.8,2.8,0.000549
97.8,3,0.000962
97.8,3.2,0.001367
97.8,3.4,0.001572
97.8,3.6,0.001477
97.8,3.8,0.001182
97.8,4,0.000915
97.8,4.2,0.000874
97.8,4.4,0.001084
97.8,4.6,0.001377
97.8,4.8,0.001502
97.8,5,0.001326
97.8,5.2,0.000931
97.8,5.4,0.000518
97.8,5.6,0.000229
97.8,5.8,8e-05
97.8,6,2.2e-05
97.8,6.2,5e-06
97.8,15.8,1e-06
97.8,16,3e-06
97.8,16.2,5e-06
97.8,16.4,7e-06
97.8,16.6,7e-06
97.8,16.8,7e-06
97.8,17,5e-06
97.8,17.2,3e-06
97.8,24.4,1.4e-05
97.8,24.6,4.9e-05
97.8,24.8,0.000142
97.8,25,0.000321
97.8,25.2,0.000576
97.8,25.4,0.000818
97.8,25.6,0.000919
97.8,25.8,0.000816
97.8,26,0.000574
97.8,26.2,0.000319
97.8,26.4,0.000141
97.8,26.6,4.9e-05
97.8,26.8,1.3e-05
98,2.6,0.00031
98,2.8,0.000642
98,3,0.001127
98,3.2,0.001633
98,3.4,0.00194
98,3.6,0.001903
98,3.8,0.001586
98,4,0.001218
98,4.2,0.00103
98,4.4,0.001094
98,4.6,0.00128
98,4.8,0.001355
98,5,0.001185
98,5.2,0.000829
98,5.4,0.000461
98,5.6,0.000203
98,5.8,7.1e-05
98,6,2e-05
98,6.2,4e-06
98,16.2,1e-06
98,16.4,1e-06
98,16.6,1e-06
98,16.8,1e-06
98,25,0.000428
98,25.2,0.000768
98,25.4,0.001089
98,25.6,0.001222
98,25.8,0.001086
98,26,0.000763
98,26.2,0.000424
98,26.4,0.000187
98,26.6,6.5e-05
98,26.8,1.8e-05
98.2,2.8,0.000769
98.2,3,0.001279
98.2,3.2,0.001834
98.2,3.4,0.002223
98.2,3.6,0.00227
98.2,3.8,0.001975
98.2,4,0.001522
98.2,4.2,0.00115
98.2,4.4,0.000993
98.2,4.6,0.000996
98.2,4.8,0.000988
98.2,5,0.000844
98.2,5.2,0.000587
98.2,5.4,0.000326
98.2,5.6,0.000144
98.2,5.8,5.1e-05
98.2,6,1.5e-05
98.2,6.2,4e-06
98.2,6.4,1e-06
98.2,25.4,0.001198
98.2,25.6,0.001344
98.2,25.8,0.001194
98.2,26,0.000839
98.2,26.2,0.000466
98.2,26.4,0.000205
98.2,26.6,7.1e-05
98.2,26.8,2e-05
98.4,2.8,0.001077
98.4,3,0.001576
98.4,3.2,0.002114
98.4,3.4,0.002515
98.4,3.6,0.0026
98.4,3.8,0.002313
98.4,4,0.001782
98.4,4.2,0.001238
98.4,4.4,0.000867
98.4,4.6,0.000689
98.4,4.8,0.000597
98.4,5,0.000485
98.4,5.2,0.000332
98.4,5.4,0.000184
98.4,5.6,8.3e-05
98.4,5.8,3.2e-05
98.4,6,1.3e-05
98.4,6.2,6e-06
98.4,6.4,3e-06
98.4,6.6,2e-06
98.4,25.8,0.001086
98.4,26,0.000763
98.4,26.2,0.000424
98.4,26.4,0.000187
98.4,26.6,6.5e-05
98.4,26.8,1.8e-05
98.6,2.8,0.001754
98.6,3,0.002228
98.6,3.2,0.002665
98.6,3.4,0.002937
98.6,3.6,0.00291
98.6,3.8,0.002533
98.6,4,0.001907
98.6,4.2,0.001246
98.6,4.4,0.000743
98.6,4.6,0.000456
98.6,4.8,0.000316
98.6,5,0.00023
98.6,5.2,0.000153
98.6,5.4,8.9e-05
98.6,5.6,5e-05
98.6,5.8,3.3e-05
98.6,6,2.6e-05
98.6,6.2,2.1e-05
98.6,6.4,1.4e-05
98.6,6.6,8e-06
98.6,26.4,0.000141
98.6,26.6,4.9e-05
98.6,26.8,1.3e-05
98.8,3,0.003239
98.8,3.2,0.003469
98.8,3.4,0.003438
98.8,3.6,0.003118
98.8,3.8,0.002538
98.8,4,0.001812
98.8,4.2,0.001117
98.8,4.4,0.0006
98.8,4.6,0.000299
98.8,4.8,0.000158
98.8,5,9.7e-05
98.8,5.2,6.8e-05
98.8,5.4,5.8e-05
98.8,5.6,6.4e-05
98.8,5.8,7.7e-05
98.8,6,8.3e-05
98.8,6.2,7.3e-05
98.8,26.8,8e-06
99,3,0.004256
99,3.2,0.004202
99,3.4,0.003772
99,3.6,0.003084
99,3.8,0.002282
99,4,0.001505
99,4.2,0.000867
99,4.4,0.000431
99,4.6,0.000189
99,4.8,8.1e-05
99,5,4.7e-05
99,5.2,5.3e-05
99,5.4,8.9e-05
99,5.6,0.000149
99,5.8,0.000208
99,6,0.000233
99.2,3,0.004736
99.2,3.2,0.004418
99.2,3.4,0.003666
99.2,3.6,0.002722
99.2,3.8,0.001818
99.2,4,0.001089
99.2,4.2,0.000577
99.2,4.4,0.000266
99.2,4.6,0.000108
99.2,4.8,4.5e-05
99.2,5,4.1e-05
99.2,5.2,8.5e-05
99.2,5.4,0.000184
99.2,5.6,0.000328
99.4,3.2,0.003901
99.4,3.4,0.003051
99.4,3.6,0.002091
99.4,3.8,0.001269
99.4,4,0.000687
99.4,4.2,0.000331
99.4,4.4,0.000141
99.4,4.6,5.5e-05
99.4,4.8,3e-05
99.4,5,5.5e-05
99.4,5.2,0.000145
99.4,5.4,0.000326
99.6,3.2,0.00285
99.6,3.4,0.002134
99.6,3.6,0.001374
99.6,3.8,0.000768
99.6,4,0.000378
99.6,4.2,0.000164
99.6,4.4,6.4e-05
99.6,4.6,2.6e-05
99.6,4.8,2.6e-05
99.6,5,7.2e-05
99.6,5.2,0.000203
99.8,3.4,0.00124
99.8,3.6,0.000761
99.8,3.8,0.000398
99.8,4,0.00018
99.8,4.2,7.1e-05
99.8,4.4,2.6e-05
99.8,4.6,1.2e-05
99.8,4.8,2.4e-05
100,3.4,0.000594
100,3.6,0.000352
100,3.8,0.000175
100,4,7.4e-05
100,4.2,2.7e-05
100,4.4,9e-06
100,4.6,7e-06
