  IMT       p       q
  pga -0.5514  1.3490
 0.05 -0.3244  0.7962
 0.06 -0.2614  0.6450
 0.07 -0.2418  0.5974
 0.08 -0.2616  0.6417
 0.09 -0.2929  0.7154
  0.1 -0.3199  0.7776
 0.11 -0.3477  0.8406
 0.12 -0.3900  0.9399
 0.13 -0.4307  1.0350
 0.15 -0.5308  1.2760
 0.17 -0.6113  1.4680
  0.2 -0.6831  1.6470
 0.22 -0.7184  1.7370
 0.25 -0.7499  1.8200
  0.3 -0.8045  1.9630
 0.35 -0.8518  2.0870
  0.4 -0.8676  2.1310
 0.45 -0.8851  2.1760
  0.5 -0.9094  2.2470
  0.6 -0.9238  2.2970
  0.7 -0.9622  2.4070
  0.8 -0.9759  2.4570
  0.9 -0.9685  2.4390
    1 -0.9264  2.3220
  1.1 -0.9176  2.2960
  1.2 -0.9062  2.2630
  1.3 -0.8825  2.2020
  1.5 -0.8531  2.1210
  1.7 -0.8294  2.0590
    2 -0.7756  1.9210
  2.2 -0.7567  1.8750
  2.5 -0.7244  1.7960
    3 -0.6845  1.6990
  3.5 -0.6597  1.6390
    4 -0.6182  1.5370
  4.5 -0.6035  1.4990
    5 -0.5861  1.4560
  pgv -0.7057  1.7650