zoneid,[polygon coordinates]
1,[67.81,37.55; 68.30,38.82; 72.95,39.99; 73.00,39.06; 70.69,38.27; ]
2,[72.95,39.99; 76.53,39.99; 76.10,38.89; 75.85,37.89; 75.85,37.89; 74.94,38.35; 73.00,39.06; ]
3,[76.10,38.89; 76.53,39.99; 79.11,40.04; 78.84,38.84; ]
4,[75.85,37.89; 75.85,37.89; 76.10,38.89; 78.84,38.84; 80.97,38.03; 84.15,38.03; 85.07,36.26; 81.13,36.14; 77.33,37.14; ]
5,[67.29,35.43; 67.81,37.55; 70.69,38.27; 69.14,35.78; ]
6,[70.70,38.27; 73.00,39.06; 74.94,38.35; 75.29,36.96; 72.93,36.59; ]
7,[74.94,38.35; 75.85,37.89; 77.33,37.14; 81.13,36.14; 85.07,36.26; 85.57,35.29; 80.22,35.27; 75.29,36.96; ]
8,[65.49,32.63; 67.29,35.43; 69.14,35.78; 70.62,35.64; 72.93,36.59; 70.76,33.98; 69.42,32.81; 66.99,30.69; 66.98,30.69; ]
9,[69.14,35.78; 70.69,38.27; 72.93,36.59; 70.63,35.64; ]
12,[70.76,33.98; 72.93,36.59; 75.34,35.63; 74.64,34.65; 73.96,32.07; ]
13,[73.96,32.07; 74.64,34.65; 77.54,33.52; 77.13,32.17; 76.60,30.42; 75.37,31.19; ]
14,[60.00,27.11; 64.52,27.59; 66.66,25.14; 60.06,22.83; ]
15,[64.52,27.59; 65.49,32.63; 66.98,30.69; 68.76,28.38; 67.88,25.57; 66.66,25.14; ]
16,[66.98,30.69; 66.99,30.69; 69.42,32.81; 71.81,29.99; 69.16,27.86; 68.76,28.38; ]
17,[69.42,32.81; 70.76,33.98; 73.96,32.07; 75.37,31.19; 73.95,29.85; 71.81,29.99; ]
21,[76.60,30.42; 77.13,32.17; 79.13,31.19; 81.23,30.27; 82.95,29.43; 82.21,27.47; 82.16,27.48; 79.80,28.73; 76.96,30.23; ]
22,[82.21,27.47; 82.95,29.43; 82.97,29.42; 85.93,28.34; 87.55,27.75; 87.06,26.23; 87.06,26.22; 87.06,26.22; ]
57,[93.08,9.99; 94.45,13.23; 97.30,13.41; 95.73,9.99; ]
58,[93.09,9.99; 95.73,9.99; 96.54,6.81; 100.77,3.60; 98.01,2.86; 94.09,5.95; ]
63,[67.88,22.49; 67.88,25.57; 71.76,25.50; 71.83,22.52; ]
66,[67.85,19.71; 67.88,22.49; 71.83,22.52; 72.27,22.52; 72.35,19.78; 72.35,19.77; 71.16,19.75; ]
71,[67.85,19.71; 71.16,19.75; 72.86,15.84; 74.46,12.31; 75.54,8.94; 77.25,7.25; 75.35,4.94; 77.91,3.38; 82.07,8.72; 79.75,10.23; 80.45,11.06; 81.20,13.99; 81.20,14.01; 82.87,16.84; 84.03,16.57; 86.69,18.68; 86.72,15.35; 84.59,11.31; 83.95,6.51; 84.69,2.00; 84.68,2.00; 73.55,1.99; 73.55,2.01; 71.28,11.43; ]
74,[73.27,19.85; 76.12,20.48; 80.67,17.38; 75.41,16.37; ]
75,[76.12,20.48; 78.09,20.84; 82.51,18.57; 80.67,17.38; ]
81,[78.36,13.68; 78.64,15.58; 80.67,17.38; 80.70,17.38; 82.87,16.84; 81.20,14.01; 78.36,13.68; ]
82,[77.62,11.53; 78.36,13.68; 81.20,14.01; 81.20,13.99; 80.45,11.06; ]
86,[75.35,4.94; 79.75,10.23; 82.07,8.72; 77.91,3.38; ]
901,[72.93,36.59; 75.29,36.96; 80.22,35.27; 85.57,35.29; 84.86,33.35; 78.32,34.44; ]
902,[74.64,34.65; 75.34,35.63; 78.32,34.44; 84.86,33.35; 87.23,32.88; 91.36,32.92; 91.38,32.92; 92.57,31.14; 89.17,30.98; 89.13,30.98; 89.12,30.98; 87.64,31.01; 87.55,31.02; 85.48,31.50; 80.61,32.49; 79.40,32.89; 77.54,33.52; ]
903,[60.06,22.83; 66.66,25.14; 67.88,25.57; 67.88,22.49; 61.85,20.06; ]
904,[77.13,32.17; 77.54,33.52; 79.40,32.89; 80.61,32.49; 80.99,31.13; 80.99,31.13; 81.23,30.27; 79.13,31.19; ]
905,[80.61,32.49; 85.44,31.51; 85.48,31.50; 87.55,31.02; 87.64,31.01; 87.32,29.26; 85.98,29.36; 85.93,28.34; 82.97,29.42; 82.95,29.43; 81.23,30.27; 80.99,31.13; ]
906,[87.06,26.22; 87.06,26.23; 87.55,27.75; 89.95,27.83; 92.66,28.27; 94.06,29.02; 95.54,28.14; 93.82,26.84; 93.33,26.77; 93.33,26.77; 93.30,26.77; 92.00,26.62; 89.77,26.44; ]
907,[85.93,28.34; 85.98,29.36; 87.32,29.26; 87.64,31.01; 89.12,30.98; 89.13,30.98; 89.17,30.98; 92.57,31.14; 92.63,29.19; 94.06,29.02; 92.66,28.27; 89.95,27.83; 87.55,27.75; ]
908,[92.57,31.14; 95.36,30.52; 99.03,27.96; 98.21,26.56; 96.47,27.59; 95.84,27.96; 95.73,28.03; 95.73,28.03; 95.54,28.14; 94.06,29.02; 92.63,29.19; ]
909,[84.86,33.35; 85.57,35.29; 91.06,34.35; 94.76,33.13; 97.34,32.07; 99.99,29.77; 99.03,27.96; 95.36,30.52; 95.36,30.52; 92.57,31.14; 91.38,32.92; 91.36,32.92; 87.23,32.88; ]
910,[93.59,20.76; 93.70,22.54; 94.41,24.73; 95.74,26.73; 96.77,27.41; 98.15,26.59; 97.53,26.01; 96.43,26.04; 95.48,24.60; 95.47,24.59; 95.24,23.17; 95.41,20.17; 95.70,18.44; 94.66,18.44; ]
911,[91.99,22.61; 92.00,23.91; 92.78,25.10; 92.78,25.10; 92.79,25.11; 93.75,26.05; 94.87,27.17; 96.04,27.84; 96.77,27.41; 95.74,26.73; 94.41,24.73; 93.70,22.54; 93.59,20.76; ]
912,[89.71,25.08; 89.77,26.44; 92.00,26.62; 92.07,26.63; 93.30,26.77; 93.33,26.77; 93.75,26.05; 92.79,25.11; 92.78,25.10; 91.65,25.09; 91.64,25.09; ]
913,[90.07,23.82; 91.65,25.09; 92.78,25.10; 92.00,23.91; 91.99,22.61; 93.59,20.76; 94.66,18.44; 93.52,18.44; 91.91,19.42; 90.67,20.69; ]
914,[94.45,13.23; 95.00,14.58; 95.66,16.28; 95.70,18.44; 95.41,20.17; 95.24,23.17; 95.47,24.59; 95.47,24.59; 95.48,24.60; 96.43,26.04; 97.53,26.01; 97.18,25.12; 97.03,24.14; 97.03,24.14; 97.04,22.13; 97.46,19.81; 97.85,18.23; 98.16,16.41; 98.16,16.41; 98.16,16.41; 98.16,16.41; 98.16,16.41; 97.80,14.73; 97.30,13.41; ]
915,[91.54,15.86; 91.91,19.42; 93.52,18.44; 93.32,15.60; ]
916,[90.74,10.20; 92.33,14.17; 93.32,15.60; 93.52,18.44; 95.70,18.44; 95.66,16.28; 94.65,13.71; 93.08,9.99; ]
917,[83.95,6.51; 84.59,11.31; 86.72,15.35; 86.69,18.68; 89.29,20.86; 89.29,20.86; 90.67,20.69; 91.91,19.42; 91.54,15.86; 93.32,15.60; 92.33,14.17; 90.74,10.20; 91.91,5.65; 91.91,5.64; 91.91,5.64; 91.91,5.64; 94.35,1.99; 92.35,2.01; 92.35,2.01; 92.35,2.01; 84.69,2.00; ]
918,[90.74,10.20; 93.09,9.99; 94.09,5.95; 98.01,2.86; 94.35,1.99; 91.91,5.64; 91.91,5.64; 91.91,5.65; ]
919,[67.88,25.57; 68.76,28.38; 69.16,27.86; 71.81,29.99; 73.95,29.85; 75.37,31.19; 76.60,30.42; 76.96,30.23; 79.80,28.73; 82.16,27.48; 82.21,27.47; 87.06,26.22; 87.06,26.22; 89.77,26.44; 89.71,25.08; 91.64,25.09; 91.65,25.09; 90.07,23.82; 90.67,20.69; 89.13,20.88; 87.61,21.09; 86.77,21.31; 86.95,24.38; 84.59,25.12; 72.27,22.52; 71.83,22.52; 71.76,25.50; ]
921,[72.27,22.52; 84.59,25.12; 86.95,24.38; 86.77,21.31; 84.59,21.91; 81.99,21.43; 78.09,20.84; 76.12,20.48; 73.27,19.85; 72.35,19.77; 72.35,19.78; ]
922,[71.16,19.75; 72.35,19.77; 73.27,19.85; 74.16,18.41; 74.77,17.42; 75.41,16.37; 73.77,16.03; 72.86,15.84; ]
923,[72.86,15.84; 73.77,16.03; 75.41,16.37; 80.67,17.38; 78.64,15.58; 78.36,13.68; 78.36,13.68; 77.62,11.53; 80.45,11.06; 79.75,10.23; 78.71,8.99; 78.71,8.99; 77.25,7.26; 75.54,8.94; 74.46,12.31; ]
924,[78.09,20.84; 81.99,21.43; 84.59,21.91; 86.77,21.31; 87.61,21.09; 89.29,20.86; 89.29,20.86; 86.69,18.68; 84.03,16.57; 82.87,16.84; 80.70,17.38; 80.67,17.38; 82.51,18.57; ]
