zoneid,[polygon coordinates]
87,[75.91,38.87; 73.19,38.86; 71.15,38.37; 70.91,38.31; 67.81,37.55; 68.30,38.82; 72.71,39.99; 78.86,39.99; 78.46,38.87; ]
88,[70.71,37.79; 69.60,35.85; 67.08,35.37; 67.81,37.55; 70.91,38.31; 71.15,38.37; ]
89,[72.93,36.59; 71.86,35.89; 69.60,35.85; 70.71,37.79; ]
90,[75.91,38.87; 75.29,36.96; 72.93,36.59; 70.71,37.79; 71.15,38.37; 73.19,38.86; ]
91,[75.91,38.87; 78.46,38.86; 80.97,38.03; 84.15,38.03; 85.57,35.29; 80.22,35.27; 75.29,36.96; ]
92,[69.60,35.85; 71.84,35.88; 70.76,33.98; 69.68,33.04; 66.98,30.69; 65.41,32.73; 67.08,35.37; ]
93,[69.68,33.04; 71.78,30.03; 69.34,27.63; 66.98,30.69; ]
94,[65.41,32.73; 69.34,27.63; 68.84,25.40; 68.09,22.65; 66.31,24.82; 63.92,27.72; ]
95,[66.31,24.82; 60.14,23.50; 60.14,27.20; 63.92,27.72; ]
97,[69.68,33.04; 70.76,33.98; 76.00,31.00; 74.08,28.40; 71.79,30.02; 71.78,30.03; ]
98,[74.82,34.60; 77.88,33.47; 77.25,32.08; 76.60,30.66; 76.00,31.00; 73.63,32.35; ]
99,[70.76,33.98; 71.86,35.89; 72.93,36.59; 75.36,35.62; 73.63,32.35; ]
100,[75.29,36.96; 80.22,35.27; 78.32,34.44; 72.93,36.59; ]
101,[85.57,35.29; 84.57,33.23; 78.32,34.44; 80.22,35.27; ]
102,[85.57,35.29; 87.77,35.06; 90.45,35.41; 91.64,32.93; 87.06,32.75; 87.06,32.75; 87.05,32.75; 84.57,33.23; ]
103,[77.88,33.47; 74.82,34.60; 75.36,35.62; 78.32,34.44; 84.57,33.23; 87.05,32.75; 87.06,32.75; 87.06,32.75; 91.64,32.93; 92.03,32.12; 92.50,31.15; 92.61,30.90; 87.55,31.02; 84.55,31.72; 80.61,32.49; 79.44,32.95; 79.41,32.96; 77.92,33.45; ]
110,[77.25,32.08; 79.13,31.19; 81.23,30.27; 83.91,29.12; 83.28,27.17; 76.60,30.66; 77.25,32.08; ]
116,[90.45,35.41; 97.59,31.52; 98.86,28.24; 98.27,28.57; 92.03,32.12; 91.64,32.93; ]
118,[93.47,26.91; 94.07,26.10; 93.18,25.12; 91.78,26.74; 91.82,26.74; ]
119,[91.78,26.74; 93.18,25.12; 91.40,25.12; 90.56,25.12; 89.72,25.13; 89.72,25.13; 89.72,26.53; ]
128,[93.41,23.13; 93.75,24.04; 95.35,23.55; 95.21,21.16; 93.52,20.76; ]
129,[93.52,20.76; 95.21,21.16; 95.71,18.33; 95.42,15.88; 93.39,15.65; 93.76,18.44; ]
130,[93.39,15.65; 95.42,15.88; 94.54,13.80; 92.45,13.67; ]
131,[92.45,13.67; 94.54,13.80; 93.58,11.55; 93.19,9.56; 93.55,7.68; 91.85,7.06; 91.29,10.08; ]
132,[93.55,7.68; 97.50,2.46; 94.92,2.20; 91.85,7.06; ]
136,[97.52,15.92; 95.81,11.31; 93.58,11.55; 95.42,15.88; ]
137,[95.81,11.31; 95.28,9.54; 93.19,9.56; 93.58,11.55; ]
138,[95.28,9.54; 95.87,7.67; 99.71,3.32; 97.50,2.46; 93.55,7.68; 93.19,9.56; ]
925,[77.74,33.15; 77.88,33.47; 77.92,33.45; 79.41,32.96; 79.44,32.95; 80.61,32.49; 80.92,31.36; 81.22,30.29; 81.23,30.27; 79.13,31.19; 77.25,32.08; 77.25,32.08; ]
926,[84.15,30.14; 80.93,31.36; 80.92,31.36; 80.61,32.49; 84.55,31.72; 87.55,31.02; 92.61,30.90; 93.29,29.44; 89.52,29.08; 85.70,29.61; ]
927,[80.92,31.36; 80.93,31.36; 84.15,30.14; 85.70,29.61; 89.52,29.08; 93.29,29.44; 93.87,29.09; 92.66,28.27; 89.88,27.94; 87.30,27.83; 86.06,28.23; 83.00,29.50; 82.21,29.85; 81.23,30.27; 81.22,30.29; ]
928,[86.06,28.23; 87.30,27.83; 89.88,27.94; 92.66,28.27; 93.87,29.09; 95.48,28.10; 94.37,27.49; 93.47,26.91; 92.68,26.83; 91.82,26.74; 91.78,26.74; 89.72,26.53; 87.09,26.48; 87.08,26.48; 87.05,26.22; 87.05,26.19; 83.28,27.17; 83.91,29.12; ]
929,[92.22,21.92; 92.23,23.98; 93.18,25.12; 94.07,26.10; 94.85,26.92; 96.07,27.75; 96.52,27.47; 95.20,26.40; 94.69,25.57; 93.75,24.04; 93.41,23.13; 93.52,20.76; ]
930,[95.20,26.40; 96.52,27.47; 97.20,27.06; 96.44,26.26; 96.09,25.57; 95.35,23.55; 93.75,24.04; ]
931,[95.21,21.16; 95.35,23.55; 95.81,24.81; 96.09,25.57; 96.44,26.26; 97.20,27.06; 98.43,26.31; 97.57,24.41; 97.28,22.97; 97.39,21.53; 97.81,18.72; 97.52,15.92; 95.42,15.88; 95.71,18.33; ]
932,[68.84,25.40; 69.34,27.63; 71.78,30.03; 71.79,30.02; 74.08,28.40; 76.00,31.00; 76.60,30.66; 83.29,27.16; 87.05,26.19; 87.05,26.22; 87.08,26.48; 87.09,26.48; 89.72,26.53; 89.72,25.13; 89.72,25.13; 91.68,25.12; 90.07,23.82; 90.65,20.80; 87.53,20.81; 87.53,20.81; 86.74,20.80; 86.74,20.83; 86.94,24.38; 86.96,24.63; 86.96,24.64; 77.94,24.70; 72.25,22.72; 69.70,21.83; 68.09,22.65; ]
933,[71.18,17.99; 71.17,18.02; 69.70,21.83; 72.25,22.72; 77.94,24.70; 86.96,24.64; 86.96,24.63; 86.94,24.38; 86.74,20.83; 86.74,20.80; 87.53,20.81; 88.23,18.72; 86.76,15.62; 86.75,15.60; 86.32,14.68; 84.99,12.07; 84.94,11.97; 83.62,6.68; 84.47,2.04; 77.15,1.99; ]
9031,[66.31,24.82; 68.09,22.65; 61.55,20.35; 60.14,23.50; ]
9081,[92.03,32.12; 98.67,28.35; 98.41,26.32; 96.93,27.22; 96.33,27.59; 95.97,27.81; 95.80,27.91; 95.48,28.10; 93.87,29.09; 93.29,29.44; 92.61,30.90; 92.50,31.15; ]
9131,[93.76,18.44; 90.65,20.80; 90.07,23.82; 91.68,25.12; 93.18,25.12; 92.23,23.98; 92.22,21.92; 93.52,20.76; ]
9151,[92.45,13.67; 90.72,14.32; 91.75,16.48; 92.11,19.69; 93.76,18.44; 93.39,15.65; ]
9171,[90.65,20.80; 92.11,19.69; 91.75,16.48; 90.72,14.32; 92.45,13.67; 91.29,10.08; 91.85,7.06; 94.92,2.20; 92.48,2.01; 84.47,2.04; 83.62,6.68; 84.94,11.97; 84.99,12.07; 86.32,14.68; 86.75,15.60; 86.76,15.62; 88.23,18.72; 87.53,20.81; ]
