zoneid,[polygon coordinates]
153,[72.88,36.96; 70.16,34.16; 68.29,35.76; 68.30,35.77; 71.50,38.29; ]
154,[76.41,38.88; 76.76,37.77; 73.81,37.72; 72.88,36.96; 71.50,38.29; 72.87,39.01; ]
162,[96.54,27.54; 98.10,26.91; 96.44,24.94; 93.82,26.05; 96.16,27.43; ]
163,[93.82,26.05; 96.44,24.94; 95.04,21.64; 91.93,22.74; ]
164,[91.93,22.74; 95.04,21.64; 96.71,16.82; 93.27,17.07; ]
166,[92.40,8.52; 92.27,14.67; 94.92,15.22; 95.28,9.54; ]
167,[92.40,8.52; 95.28,9.54; 99.07,3.47; 97.60,3.06; 94.29,2.13; ]
935,[71.47,33.03; 70.16,34.16; 72.88,36.96; 73.81,37.72; 76.76,37.77; 76.77,37.76; 78.53,37.29; 81.78,35.81; 79.78,32.46; 76.38,35.19; 72.67,31.99; ]
936,[79.78,32.46; 83.93,29.84; 90.64,29.36; 97.35,30.55; 98.43,28.07; 96.54,27.54; 96.16,27.43; 91.33,26.05; 89.22,26.19; 82.81,26.63; 72.67,31.99; 76.38,35.19; ]
