# QGIS Generated Color Map Export File
INTERPOLATION:DISCRETE
0.0047,77,77,77,255,<= 0.0047 g
0.0068,0,0,128,255,0.0047 - 0.0068 g
0.01,0,0,189,255,0.0068 - 0.01 g
0.015,0,0,250,255,0.01 - 0.015 g
0.022,0,34,255,255,0.015 - 0.022 g
0.033,0,87,255,255,0.022 - 0.033 g
0.047,0,141,255,255,0.033 - 0.047 g
0.068,0,195,255,255,0.047 - 0.068 g
0.1,15,248,232,255,0.068 - 0.1 g
0.15,58,255,188,255,0.22 - 0.33 g
0.22,145,255,102,255,0.1 - 0.22 g
0.33,188,255,58,255,0.33 - 0.47 g
0.47,232,255,15,255,0.33 - 0.47 g
0.68,255,213,0,255,0.47 - 0.68 g
1,255,164,0,255,0.68 - 1 g
1.5,255,114,0,255,1 - 1.5 g
2.2,255,64,0,255,1.5 - 2.2 g
3.3,250,14,0,255,2.2 - 3.3 g
4.7,128,0,0,255,3.3 - 4.7 g
inf,179,179,179,255,> 4.7 g
