lon,lat,nu
62.4,29.2,6.9e-05
62.4,29.4,9.9e-05
62.4,29.6,0.000112
62.4,29.8,0.000101
62.4,30,7.2e-05
62.4,30.2,4e-05
62.6,29,0.000145
62.6,29.2,0.000262
62.6,29.4,0.000375
62.6,29.6,0.000424
62.6,29.8,0.00038
62.6,30,0.000269
62.6,30.2,0.000151
62.6,30.4,6.7e-05
62.8,28.8,0.000202
62.8,29,0.000461
62.8,29.2,0.000831
62.8,29.4,0.001186
62.8,29.6,0.001339
62.8,29.8,0.001196
62.8,30,0.000846
62.8,30.2,0.000473
62.8,30.4,0.000209
62.8,30.6,7.3e-05
63,28.6,0.000188
63,28.8,0.00054
63,29,0.001227
63,29.2,0.002209
63,29.4,0.003146
63,29.6,0.003545
63,29.8,0.003161
63,30,0.00223
63,30.2,0.001245
63,30.4,0.00055
63,30.6,0.000192
63,30.8,5.3e-05
63.2,28.4,0.000116
63.2,28.6,0.00042
63.2,28.8,0.001204
63.2,29,0.002735
63.2,29.2,0.004915
63.2,29.4,0.006989
63.2,29.6,0.007863
63.2,29.8,0.007
63.2,30,0.004931
63.2,30.2,0.002748
63.2,30.4,0.001212
63.2,30.6,0.000423
63.2,30.8,0.000117
63.2,31,2.6e-05
63.4,28.4,0.000216
63.4,28.6,0.000784
63.4,28.8,0.002248
63.4,29,0.0051
63.4,29.2,0.009155
63.4,29.4,0.013002
63.4,29.6,0.01461
63.4,29.8,0.012991
63.4,30,0.00914
63.4,30.2,0.005088
63.4,30.4,0.002241
63.4,30.6,0.000781
63.4,30.8,0.000215
63.4,31,4.7e-05
63.6,28.4,0.000339
63.6,28.6,0.001226
63.6,28.8,0.003512
63.6,29,0.00796
63.6,29.2,0.014275
63.6,29.4,0.020256
63.6,29.6,0.022743
63.6,29.8,0.020204
63.6,30,0.014202
63.6,30.2,0.007899
63.6,30.4,0.003476
63.6,30.6,0.00121
63.6,30.8,0.000334
63.6,31,7.3e-05
63.8,28.4,0.000443
63.8,28.6,0.001603
63.8,28.8,0.00459
63.8,29,0.010397
63.8,29.2,0.018636
63.8,29.4,0.02643
63.8,29.6,0.029659
63.8,29.8,0.026334
63.8,30,0.018501
63.8,30.2,0.010285
63.8,30.4,0.004524
63.8,30.6,0.001574
63.8,30.8,0.000434
63.8,31,9.4e-05
64,28.4,0.000485
64,28.6,0.001753
64,28.8,0.005018
64,29,0.011365
64,29.2,0.020368
64,29.4,0.028881
64,29.6,0.032403
64,29.8,0.028766
64,30,0.020206
64,30.2,0.011231
64,30.4,0.004939
64,30.6,0.001719
64,30.8,0.000473
64,31,0.000103
64.2,28.4,0.000443
64.2,28.6,0.001603
64.2,28.8,0.00459
64.2,29,0.010397
64.2,29.2,0.018636
64.2,29.4,0.02643
64.2,29.6,0.029659
64.2,29.8,0.026334
64.2,30,0.018501
64.2,30.2,0.010285
64.2,30.4,0.004524
64.2,30.6,0.001574
64.2,30.8,0.000434
64.2,31,9.4e-05
64.4,28.4,0.000339
64.4,28.6,0.001226
64.4,28.8,0.003512
64.4,29,0.00796
64.4,29.2,0.014275
64.4,29.4,0.020256
64.4,29.6,0.022743
64.4,29.8,0.020204
64.4,30,0.014202
64.4,30.2,0.007899
64.4,30.4,0.003476
64.4,30.6,0.00121
64.4,30.8,0.000334
64.4,31,7.3e-05
64.6,28.4,0.000216
64.6,28.6,0.000784
64.6,28.8,0.002248
64.6,29,0.0051
64.6,29.2,0.009155
64.6,29.4,0.013002
64.6,29.6,0.01461
64.6,29.8,0.012991
64.6,30,0.00914
64.6,30.2,0.005088
64.6,30.4,0.002241
64.6,30.6,0.000781
64.6,30.8,0.000215
64.6,31,4.7e-05
64.8,28.4,0.000116
64.8,28.6,0.00042
64.8,28.8,0.001204
64.8,29,0.002735
64.8,29.2,0.004915
64.8,29.4,0.006989
64.8,29.6,0.007863
64.8,29.8,0.007
64.8,30,0.004931
64.8,30.2,0.002748
64.8,30.4,0.001212
64.8,30.6,0.000423
64.8,30.8,0.000117
64.8,31,2.6e-05
65,28.6,0.000188
65,28.8,0.00054
65,29,0.001227
65,29.2,0.002209
65,29.4,0.003146
65,29.6,0.003545
65,29.8,0.003161
65,30,0.00223
65,30.2,0.001245
65,30.4,0.00055
65,30.6,0.000192
65,30.8,5.3e-05
65.2,28.8,0.000202
65.2,29,0.000461
65.2,29.2,0.000831
65.2,29.4,0.001186
65.2,29.6,0.001339
65.2,29.8,0.001196
65.2,30,0.000846
65.2,30.2,0.000473
65.2,30.4,0.000209
65.2,30.6,7.3e-05
65.4,29,0.000145
65.4,29.2,0.000262
65.4,29.4,0.000375
65.4,29.6,0.000424
65.4,29.8,0.00038
65.4,30,0.000269
65.4,30.2,0.000151
65.4,30.4,6.7e-05
65.6,29.2,6.9e-05
65.6,29.4,9.9e-05
65.6,29.6,0.000112
65.6,29.8,0.000101
65.6,30,7.2e-05
65.6,30.2,4e-05
68,35.6,0.017517
68,35.8,0.014296
68,36,0.01004
68,36.2,0.006505
68,36.4,0.004397
68,36.6,0.003444
68,36.8,0.002934
68,37,0.002343
68,37.2,0.00157
68.2,35.4,0.028082
68.2,35.6,0.028324
68.2,35.8,0.024394
68.2,36,0.01862
68.2,36.2,0.01365
68.2,36.4,0.010619
68.2,36.6,0.009066
68.2,36.8,0.007843
68.2,37,0.006168
68.2,37.2,0.004019
68.2,37.4,0.002225
68.4,35.2,0.030973
68.4,35.4,0.0386
68.4,35.6,0.040886
68.4,35.8,0.037849
68.4,36,0.032347
68.4,36.2,0.027422
68.4,36.4,0.024255
68.4,36.6,0.021976
68.4,36.8,0.019004
68.4,37,0.014636
68.4,37.2,0.00954
68.4,37.4,0.005199
68.4,37.6,0.002304
68.6,35,0.0243
68.6,35.2,0.036648
68.6,35.4,0.047507
68.6,35.6,0.053814
68.6,35.8,0.055945
68.6,36,0.055962
68.6,36.2,0.055891
68.6,36.4,0.055212
68.6,36.6,0.051725
68.6,36.8,0.043912
68.6,37,0.032668
68.6,37.2,0.02063
68.6,37.4,0.01108
68.6,37.6,0.004972
68.6,37.8,0.001864
68.8,35,0.026186
68.8,35.2,0.039507
68.8,35.4,0.053706
68.8,35.6,0.068171
68.8,35.8,0.083741
68.8,36,0.100993
68.8,36.2,0.117055
68.8,36.4,0.124882
68.8,36.6,0.11839
68.8,36.8,0.09778
68.8,37,0.069669
68.8,37.2,0.04238
68.8,37.4,0.022152
68.8,37.6,0.009864
68.8,37.8,0.003836
69,34.8,0.018237
69,35,0.027464
69,35.2,0.040406
69,35.4,0.059729
69,35.6,0.089688
69,35.8,0.13447
69,36,0.192182
69,36.2,0.247247
69,36.4,0.275463
69,36.6,0.260944
69,36.8,0.209421
69,37,0.143015
69,37.2,0.083541
69,37.4,0.042087
69,37.6,0.018505
69,37.8,0.007476
69,38,0.003485
69.2,34.8,0.022227
69.2,35,0.029544
69.2,35.2,0.042614
69.2,35.4,0.071398
69.2,35.6,0.130494
69.2,35.8,0.233399
69.2,36,0.37343
69.2,36.2,0.509158
69.2,36.4,0.57873
69.2,36.6,0.545029
69.2,36.8,0.426836
69.2,37,0.280785
69.2,37.2,0.157295
69.2,37.4,0.076296
69.2,37.6,0.032879
69.2,37.8,0.013404
69.2,38,0.006836
69.4,34.8,0.027614
69.4,35,0.033763
69.4,35.2,0.049718
69.4,35.4,0.096746
69.4,35.6,0.209028
69.4,35.8,0.41678
69.4,36,0.707212
69.4,36.2,0.990963
69.4,36.4,1.13527
69.4,36.6,1.06267
69.4,36.8,0.817259
69.4,37,0.52219
69.4,37.2,0.281873
69.4,37.4,0.131481
69.4,37.6,0.055023
69.4,37.8,0.022707
69.4,38,0.012342
69.4,38.2,0.010486
69.6,34.6,0.02658
69.6,34.8,0.0328
69.6,35,0.040101
69.6,35.2,0.06429
69.6,35.4,0.144673
69.6,35.6,0.34506
69.6,35.8,0.724815
69.6,36,1.26193
69.6,36.2,1.78904
69.6,36.4,2.05542
69.6,36.6,1.9155
69.6,36.8,1.45562
69.6,37,0.911162
69.6,37.2,0.477525
69.6,37.4,0.214867
69.6,37.6,0.086977
69.6,37.8,0.035927
69.6,38,0.02013
69.6,38.2,0.01772
69.8,34.6,0.028756
69.8,34.8,0.036169
69.8,35,0.047542
69.8,35.2,0.088129
69.8,35.4,0.220901
69.8,35.6,0.552676
69.8,35.8,1.18505
69.8,36,2.08436
69.8,36.2,2.97014
69.8,36.4,3.41757
69.8,36.6,3.17834
69.8,36.8,2.39941
69.8,37,1.48292
69.8,37.2,0.761226
69.8,37.4,0.33265
69.8,37.6,0.130339
69.8,37.8,0.053056
69.8,38,0.030345
69.8,38.2,0.026644
69.8,38.4,0.025554
70,34.6,0.027441
70,34.8,0.036928
70,35,0.055659
70,35.2,0.120899
70,35.4,0.325149
70,35.6,0.82942
70,35.8,1.79076
70,36,3.16273
70,36.2,4.5205
70,36.4,5.21186
70,36.6,4.84928
70,36.8,3.65354
70,37,2.24452
70,37.2,1.13829
70,37.4,0.487557
70,37.6,0.18597
70,37.8,0.074048
70,38,0.042138
70,38.2,0.035992
70,38.4,0.033732
70.2,34.6,0.023467
70.2,34.8,0.035612
70.2,35,0.064456
70.2,35.2,0.159908
70.2,35.4,0.446941
70.2,35.6,1.14706
70.2,35.8,2.48127
70.2,36,4.3932
70.2,36.2,6.29886
70.2,36.4,7.28631
70.2,36.6,6.79966
70.2,36.8,5.13295
70.2,37,3.15259
70.2,37.2,1.59219
70.2,37.4,0.675083
70.2,37.6,0.253183
70.2,37.8,0.098484
70.2,38,0.054329
70.2,38.2,0.044266
70.2,38.4,0.039757
70.2,38.6,0.031468
70.4,34.6,0.018675
70.4,34.8,0.033716
70.4,35,0.07326
70.4,35.2,0.198617
70.4,35.4,0.564493
70.4,35.6,1.44927
70.4,35.8,3.13765
70.4,36,5.57103
70.4,36.2,8.0209
70.4,36.4,9.32439
70.4,36.6,8.74826
70.4,36.8,6.63883
70.4,37,4.09598
70.4,37.2,2.07434
70.4,37.4,0.879308
70.4,37.6,0.328201
70.4,37.8,0.125514
70.4,38,0.065975
70.4,38.2,0.050104
70.4,38.4,0.042391
70.4,38.6,0.03223
70.4,38.8,0.020633
70.6,34.6,0.014556
70.6,34.8,0.032009
70.6,35,0.080132
70.6,35.2,0.227563
70.6,35.4,0.64906
70.6,35.6,1.66378
70.6,35.8,3.60673
70.6,36,6.42863
70.6,36.2,9.30641
70.6,36.4,10.8903
70.6,36.6,10.2935
70.6,36.8,7.87473
70.6,37,4.90004
70.6,37.2,2.50371
70.6,37.4,1.07154
70.6,37.6,0.403949
70.6,37.8,0.154107
70.6,38,0.076787
70.6,38.2,0.053177
70.6,38.4,0.041585
70.6,38.6,0.030092
70.6,38.8,0.018798
70.8,34.6,0.0117
70.8,34.8,0.030349
70.8,35,0.082484
70.8,35.2,0.237926
70.8,35.4,0.675899
70.8,35.6,1.72865
70.8,35.8,3.75494
70.8,36,6.72557
70.8,36.2,9.8016
70.8,36.4,11.5619
70.8,36.6,11.0293
70.8,36.8,8.52648
70.8,37,5.37063
70.8,37.2,2.78601
70.8,37.4,1.21752
70.8,37.6,0.472598
70.8,37.8,0.184389
70.8,38,0.088121
70.8,38.2,0.054757
70.8,38.4,0.038746
70.8,38.6,0.026563
70.8,38.8,0.016514
70.8,39,0.009401
71,34.6,0.009966
71,34.8,0.028328
71,35,0.079177
71,35.2,0.226583
71,35.4,0.636578
71,35.6,1.62169
71,35.8,3.5297
71,36,6.35682
71,36.2,9.33454
71,36.4,11.1124
71,36.6,10.7156
71,36.8,8.3917
71,37,5.37334
71,37.2,2.8532
71,37.4,1.29364
71,37.6,0.531414
71,37.8,0.219726
71,38,0.103594
71,38.2,0.057767
71,38.4,0.03635
71,38.6,0.023823
71,38.8,0.015626
71,39,0.010284
71.2,34.6,0.009264
71.2,34.8,0.026381
71.2,35,0.072007
71.2,35.2,0.198641
71.2,35.4,0.544415
71.2,35.6,1.37376
71.2,35.8,2.9904
71.2,36,5.41349
71.2,36.2,8.01332
71.2,36.4,9.63714
71.2,36.6,9.41029
71.2,36.8,7.48926
71.2,37,4.90646
71.2,37.2,2.70208
71.2,37.4,1.30278
71.2,37.6,0.587597
71.2,37.8,0.267599
71.2,38,0.128943
71.2,38.2,0.066243
71.2,38.4,0.037294
71.2,38.6,0.024026
71.2,38.8,0.017688
71.2,39,0.013816
71.4,34.6,0.009794
71.4,34.8,0.025947
71.4,35,0.064958
71.4,35.2,0.16497
71.4,35.4,0.428211
71.4,35.6,1.05507
71.4,35.8,2.28402
71.4,36,4.14861
71.4,36.2,6.18989
71.4,36.4,7.52805
71.4,36.6,7.46195
71.4,36.8,6.06718
71.4,37,4.11238
71.4,37.2,2.40077
71.4,37.4,1.27474
71.4,37.6,0.655152
71.4,37.8,0.335971
71.4,38,0.1695
71.4,38.2,0.08361
71.4,38.4,0.043842
71.4,38.6,0.028567
71.4,38.8,0.023449
71.4,39,0.020394
71.6,34.6,0.011658
71.6,34.8,0.027808
71.6,35,0.061453
71.6,35.2,0.136021
71.6,35.4,0.317832
71.6,35.6,0.742383
71.6,35.8,1.57819
71.6,36,2.86349
71.6,36.2,4.30293
71.6,36.4,5.29944
71.6,36.6,5.35458
71.6,36.8,4.48992
71.6,37,3.20938
71.6,37.2,2.05156
71.6,37.4,1.24516
71.6,37.6,0.741916
71.6,37.8,0.425078
71.6,38,0.224812
71.6,38.2,0.110158
71.6,38.4,0.056277
71.6,38.6,0.037341
71.6,38.8,0.03234
71.6,39,0.029093
71.8,34.6,0.014352
71.8,34.8,0.031501
71.8,35,0.061917
71.8,35.2,0.116189
71.8,35.4,0.231201
71.8,35.6,0.488071
71.8,35.8,0.994788
71.8,36,1.78705
71.8,36.2,2.69931
71.8,36.4,3.37425
71.8,36.6,3.50111
71.8,36.8,3.07687
71.8,37,2.38753
71.8,37.2,1.73344
71.8,37.4,1.22681
71.8,37.6,0.835194
71.8,37.8,0.520052
71.8,38,0.285269
71.8,38.2,0.14098
71.8,38.4,0.072089
71.8,38.6,0.048372
71.8,38.8,0.042256
71.8,39,0.037812
71.8,39.2,0.029896
72,34.6,0.016644
72,34.8,0.034941
72,35,0.062922
72,35.2,0.103034
72,35.4,0.170338
72,35.6,0.308392
72,35.8,0.580533
72,36,1.01639
72,36.2,1.5377
72,36.4,1.95866
72,36.6,2.11319
72,36.8,1.99479
72,37,1.73886
72,37.2,1.46764
72,37.4,1.19758
72,37.6,0.899835
72,37.8,0.591499
72,38,0.333162
72,38.2,0.166746
72,38.4,0.08632
72,38.6,0.058198
72,38.8,0.050174
72,39,0.043875
72,39.2,0.033921
72.2,34.6,0.017255
72.2,34.8,0.035326
72.2,35,0.060442
72.2,35.2,0.090182
72.2,35.4,0.127521
72.2,35.6,0.192315
72.2,35.8,0.320191
72.2,36,0.533544
72.2,36.2,0.803834
72.2,36.4,1.05001
72.2,36.6,1.20012
72.2,36.8,1.25369
72.2,37,1.25892
72.2,37.2,1.22881
72.2,37.4,1.11826
72.2,37.6,0.896361
72.2,37.8,0.6097
72.2,38,0.350323
72.2,38.2,0.178211
72.2,38.4,0.093834
72.2,38.6,0.063359
72.2,38.8,0.053359
72.2,39,0.045212
72.2,39.2,0.033975
72.4,34.8,0.031495
72.4,35,0.052349
72.4,35.2,0.073619
72.4,35.4,0.093425
72.4,35.6,0.119406
72.4,35.8,0.170492
72.4,36,0.262895
72.4,36.2,0.391323
72.4,36.4,0.528943
72.4,36.6,0.655049
72.4,36.8,0.775862
72.4,37,0.898645
72.4,37.2,0.985993
72.4,37.4,0.966199
72.4,37.6,0.807158
72.4,37.8,0.562636
72.4,38,0.32945
72.4,38.2,0.171345
72.4,38.4,0.092246
72.4,38.6,0.06219
72.4,38.8,0.050761
72.4,39,0.041406
72.4,39.2,0.030085
72.6,34.8,0.024304
72.6,35,0.039787
72.6,35.2,0.054141
72.6,35.4,0.063959
72.6,35.6,0.072417
72.6,35.8,0.089035
72.6,36,0.124296
72.6,36.2,0.181086
72.6,36.4,0.255495
72.6,36.6,0.349009
72.6,36.8,0.471219
72.6,37,0.615944
72.6,37.2,0.734355
72.6,37.4,0.756037
72.6,37.6,0.650932
72.6,37.8,0.464767
72.6,38,0.279609
72.6,38.2,0.150677
72.6,38.4,0.083657
72.6,38.6,0.055916
72.6,38.8,0.043633
72.6,39,0.033896
72.6,39.2,0.023643
72.8,35,0.026235
72.8,35.2,0.03507
72.8,35.4,0.039968
72.8,35.6,0.041904
72.8,35.8,0.046315
72.8,36,0.058556
72.8,36.2,0.082499
72.8,36.4,0.121107
72.8,36.6,0.182187
72.8,36.8,0.275461
72.8,37,0.393947
72.8,37.2,0.497631
72.8,37.4,0.532145
72.8,37.6,0.472877
72.8,37.8,0.350159
72.8,38,0.2215
72.8,38.2,0.127119
72.8,38.4,0.073727
72.8,38.6,0.048052
72.8,38.8,0.034803
72.8,39,0.025161
72.8,39.2,0.016614
72.8,39.4,0.009711
73,35.2,0.019995
73,35.4,0.022727
73,35.6,0.023768
73,35.8,0.025658
73,36,0.030816
73,36.2,0.040997
73,36.4,0.059521
73,36.6,0.093862
73,36.8,0.152323
73,37,0.231476
73,37.2,0.306241
73,37.4,0.341465
73,37.6,0.319256
73,37.8,0.253663
73,38,0.176371
73,38.2,0.111992
73,38.4,0.068492
73,38.6,0.042499
73,38.8,0.027271
73,39,0.01752
73,39.2,0.010624
73,39.4,0.005864
73.2,35.4,0.012505
73.2,35.6,0.014684
73.2,35.8,0.017946
73.2,36,0.022395
73.2,36.2,0.02748
73.2,36.4,0.034888
73.2,36.6,0.050188
73.2,36.8,0.080424
73.2,37,0.126195
73.2,37.2,0.175739
73.2,37.4,0.21016
73.2,37.6,0.216368
73.2,37.8,0.194776
73.2,38,0.155606
73.2,38.2,0.111003
73.2,38.4,0.070999
73.2,38.6,0.041407
73.2,38.8,0.022794
73.2,39,0.01222
73.2,39.2,0.006447
73.2,39.4,0.003232
73.4,36,0.022874
73.4,36.2,0.026518
73.4,36.4,0.027977
73.4,36.6,0.031423
73.4,36.8,0.043377
73.4,37,0.067697
73.4,37.2,0.101919
73.4,37.4,0.13776
73.4,37.6,0.164665
73.4,37.8,0.172805
73.4,38,0.157127
73.4,38.2,0.121795
73.4,38.4,0.079664
73.4,38.6,0.044152
73.4,38.8,0.021292
73.4,39,0.009369
73.4,39.2,0.004013
73.4,39.4,0.001708
73.6,36,0.025785
73.6,36.2,0.029292
73.6,36.4,0.027814
73.6,36.6,0.024845
73.6,36.8,0.026968
73.6,37,0.040294
73.6,37.2,0.067684
73.6,37.4,0.106718
73.6,37.6,0.147337
73.6,37.8,0.172856
73.6,38,0.168998
73.6,38.2,0.135897
73.6,38.4,0.089281
73.6,38.6,0.047969
73.6,38.8,0.021314
73.6,39,0.008118
73.6,39.2,0.002805
73.6,39.4,0.000951
73.6,39.6,0.000328
73.8,36.2,0.030444
73.8,36.4,0.027876
73.8,36.6,0.022267
73.8,36.8,0.020314
73.8,37,0.029185
73.8,37.2,0.05427
73.8,37.4,0.095679
73.8,37.6,0.14315
73.8,37.8,0.176348
73.8,38,0.176817
73.8,38.2,0.143432
73.8,38.4,0.09384
73.8,38.6,0.049525
73.8,38.8,0.02116
73.8,39,0.007445
73.8,39.2,0.002229
73.8,39.4,0.000607
73.8,39.6,0.00016
74,36.4,0.025279
74,36.6,0.019489
74,36.8,0.01675
74,37,0.024201
74,37.2,0.047874
74,37.4,0.088618
74,37.6,0.136238
74,37.8,0.169852
74,38,0.170719
74,38.2,0.138028
74,38.4,0.089646
74,38.6,0.04673
74,38.8,0.019589
74,39,0.006642
74,39.2,0.001852
74,39.4,0.000441
74,39.6,9e-05
74.2,36.6,0.015351
74.2,36.8,0.013385
74.2,37,0.020238
74.2,37.2,0.041466
74.2,37.4,0.077806
74.2,37.6,0.119944
74.2,37.8,0.149087
74.2,38,0.148916
74.2,38.2,0.119392
74.2,38.4,0.076845
74.2,38.6,0.039654
74.2,38.8,0.016419
74.2,39,0.005467
74.2,39.2,0.001476
74.2,39.4,0.00033
74.2,39.6,5.5e-05
74.4,36.6,0.01066
74.4,36.8,0.009782
74.4,37,0.015838
74.4,37.2,0.033199
74.4,37.4,0.06241
74.4,37.6,0.095582
74.4,37.8,0.117807
74.4,38,0.116538
74.4,38.2,0.09249
74.4,38.4,0.058904
74.4,38.6,0.030088
74.4,38.8,0.012325
74.4,39,0.004054
74.4,39.2,0.001076
74.4,39.4,0.000234
74.6,36.8,0.00643
74.6,37,0.011296
74.6,37.2,0.024119
74.6,37.4,0.045146
74.6,37.6,0.068557
74.6,37.8,0.083601
74.6,38,0.081752
74.6,38.2,0.06413
74.6,38.4,0.040368
74.6,38.6,0.020386
74.6,38.8,0.00826
74.6,39,0.002684
74.6,39.2,0.000704
74.6,39.4,0.000151
74.8,36.8,0.003785
74.8,37,0.00726
74.8,37.2,0.01576
74.8,37.4,0.029344
74.8,37.6,0.044143
74.8,37.8,0.053228
74.8,38,0.05143
74.8,38.2,0.03984
74.8,38.4,0.024756
74.8,38.6,0.012345
74.8,38.8,0.004941
74.8,39,0.001589
74.8,39.2,0.000413
74.8,39.4,8.2e-05
75,37,0.004188
75,37.2,0.009224
75,37.4,0.017088
75,37.6,0.025476
75,37.8,0.030389
75,38,0.029012
75,38.2,0.022187
75,38.4,0.013603
75,38.6,0.006692
75,38.8,0.002643
75,39,0.000839
75,39.2,0.000215
75.2,37,0.002161
75.2,37.2,0.004818
75.2,37.4,0.008887
75.2,37.6,0.013142
75.2,37.8,0.015527
75.2,38,0.014659
75.2,38.2,0.011073
75.2,38.4,0.006699
75.2,38.6,0.00325
75.2,38.8,0.001266
75.2,39,0.000396
75.2,39.2,9.6e-05
75.4,37.2,0.002233
75.4,37.4,0.004108
75.4,37.6,0.00604
75.4,37.8,0.007078
75.4,38,0.006618
75.4,38.2,0.004943
75.4,38.4,0.002953
75.4,38.6,0.001413
75.4,38.8,0.000539
75.4,39,0.000166
75.6,37.6,0.002459
75.6,37.8,0.002866
75.6,38,0.002659
75.6,38.2,0.001967
75.6,38.4,0.00116
75.6,38.6,0.000548
92,24.2,6e-05
92,24.4,6.8e-05
92,24.6,6.1e-05
92.2,5.4,2.2e-05
92.2,5.6,2e-05
92.2,23.8,0.0001
92.2,24,0.00018
92.2,24.2,0.000258
92.2,24.4,0.000291
92.2,24.6,0.000261
92.2,24.8,0.000198
92.2,25,0.000178
92.4,4.8,4.4e-05
92.4,5,7.9e-05
92.4,5.2,0.000112
92.4,5.4,0.000126
92.4,5.6,0.000112
92.4,5.8,7.9e-05
92.4,6,4.4e-05
92.4,6.2,1.9e-05
92.4,23.4,5.4e-05
92.4,23.6,0.000156
92.4,23.8,0.000355
92.4,24,0.00064
92.4,24.2,0.000912
92.4,24.4,0.00103
92.4,24.6,0.00092
92.4,24.8,0.000667
92.4,25,0.000462
92.4,25.2,0.000614
92.4,25.4,0.001697
92.6,4.6,8.7e-05
92.6,4.8,0.000198
92.6,5,0.000356
92.6,5.2,0.000506
92.6,5.4,0.000569
92.6,5.6,0.000507
92.6,5.8,0.000357
92.6,6,0.000199
92.6,6.2,8.8e-05
92.6,6.4,3.1e-05
92.6,23.4,0.000159
92.6,23.6,0.000456
92.6,23.8,0.001038
92.6,24,0.001868
92.6,24.2,0.002659
92.6,24.4,0.002996
92.6,24.6,0.002671
92.6,24.8,0.001903
92.6,25,0.001161
92.6,25.2,0.000963
92.6,25.4,0.001966
92.8,4.4,0.000109
92.8,4.6,0.000313
92.8,4.8,0.00071
92.8,5,0.001276
92.8,5.2,0.001813
92.8,5.4,0.00204
92.8,5.6,0.001816
92.8,5.8,0.001279
92.8,6,0.000713
92.8,6.2,0.000314
92.8,6.4,0.00011
92.8,6.6,3e-05
92.8,10.2,8.9e-05
92.8,10.4,0.000127
92.8,10.6,0.000144
92.8,10.8,0.000128
92.8,11,9e-05
92.8,11.2,5e-05
92.8,23.2,0.000106
92.8,23.4,0.000383
92.8,23.6,0.001099
92.8,23.8,0.002497
92.8,24,0.004487
92.8,24.2,0.00638
92.8,24.4,0.007179
92.8,24.6,0.006392
92.8,24.8,0.00452
92.8,25,0.002609
92.8,25.2,0.00156
92.8,25.4,0.002027
92.8,25.6,0.004805
93,4.2,8.6e-05
93,4.4,0.00031
93,4.6,0.00089
93,4.8,0.002019
93,5,0.003627
93,5.2,0.005154
93,5.4,0.005796
93,5.6,0.005157
93,5.8,0.003631
93,6,0.002023
93,6.2,0.000892
93,6.4,0.000311
93,6.6,8.6e-05
93,6.8,1.9e-05
93,7.6,2.1e-05
93,7.8,2.4e-05
93,8,2.1e-05
93,9.8,9.5e-05
93,10,0.000216
93,10.2,0.000389
93,10.4,0.000554
93,10.6,0.000624
93,10.8,0.000557
93,11,0.000393
93,11.2,0.000219
93,11.4,9.7e-05
93,11.6,3.4e-05
93,23.2,0.00021
93,23.4,0.00076
93,23.6,0.002178
93,23.8,0.004942
93,24,0.008872
93,24.2,0.012603
93,24.4,0.014165
93,24.6,0.012598
93,24.8,0.008878
93,25,0.00501
93,25.2,0.002516
93,25.4,0.001993
93,25.6,0.003747
93.2,4.2,0.000193
93.2,4.4,0.0007
93.2,4.6,0.002014
93.2,4.8,0.004567
93.2,5,0.008195
93.2,5.2,0.011637
93.2,5.4,0.013078
93.2,5.6,0.01163
93.2,5.8,0.008183
93.2,6,0.004553
93.2,6.2,0.002014
93.2,6.4,0.000714
93.2,6.6,0.000213
93.2,6.8,7.2e-05
93.2,7,4.8e-05
93.2,7.2,6e-05
93.2,7.4,9.1e-05
93.2,7.6,0.000118
93.2,7.8,0.000132
93.2,8,0.000118
93.2,8.2,8.3e-05
93.2,8.4,4.6e-05
93.2,9.6,0.000115
93.2,9.8,0.000331
93.2,10,0.000753
93.2,10.2,0.001353
93.2,10.4,0.001925
93.2,10.6,0.002167
93.2,10.8,0.00193
93.2,11,0.00136
93.2,11.2,0.000758
93.2,11.4,0.000335
93.2,11.6,0.000117
93.2,11.8,3.2e-05
93.2,23,7.5e-05
93.2,23.2,0.000342
93.2,23.4,0.001239
93.2,23.6,0.00355
93.2,23.8,0.008048
93.2,24,0.014438
93.2,24.2,0.020494
93.2,24.4,0.023017
93.2,24.6,0.020454
93.2,24.8,0.01439
93.2,25,0.008048
93.2,25.2,0.003735
93.2,25.4,0.001996
93.2,25.6,0.002543
93.2,25.8,0.005076
93.4,4.2,0.000352
93.4,4.4,0.00127
93.4,4.6,0.00363
93.4,4.8,0.008216
93.4,5,0.01472
93.4,5.2,0.020878
93.4,5.4,0.023438
93.4,5.6,0.020824
93.4,5.8,0.014649
93.4,6,0.008168
93.4,6.2,0.003641
93.4,6.4,0.001343
93.4,6.6,0.000488
93.4,6.8,0.000267
93.4,7,0.000253
93.4,7.2,0.000321
93.4,7.4,0.000445
93.4,7.6,0.000565
93.4,7.8,0.000612
93.4,8,0.000534
93.4,8.2,0.00037
93.4,8.4,0.000207
93.4,8.6,9.1e-05
93.4,8.8,3.2e-05
93.4,9.6,0.00032
93.4,9.8,0.000919
93.4,10,0.002088
93.4,10.2,0.003751
93.4,10.4,0.005332
93.4,10.6,0.005997
93.4,10.8,0.005337
93.4,11,0.003759
93.4,11.2,0.002094
93.4,11.4,0.000923
93.4,11.6,0.000322
93.4,11.8,8.9e-05
93.4,23,0.0001
93.4,23.2,0.000459
93.4,23.4,0.001662
93.4,23.6,0.004759
93.4,23.8,0.010785
93.4,24,0.019338
93.4,24.2,0.027436
93.4,24.4,0.030799
93.4,24.6,0.027358
93.4,24.8,0.019227
93.4,25,0.010716
93.4,25.2,0.004814
93.4,25.4,0.002034
93.4,25.6,0.001589
93.4,25.8,0.002681
93.6,4,0.000115
93.6,4.2,0.000519
93.6,4.4,0.001859
93.6,4.6,0.005279
93.6,4.8,0.011884
93.6,5,0.021201
93.6,5.2,0.029964
93.6,5.4,0.033544
93.6,5.6,0.029744
93.6,5.8,0.020916
93.6,6,0.011719
93.6,6.2,0.005375
93.6,6.4,0.002269
93.6,6.6,0.001209
93.6,6.8,0.00101
93.6,7,0.00108
93.6,7.2,0.001302
93.6,7.4,0.001693
93.6,7.6,0.002082
93.6,7.8,0.002208
93.6,8,0.001913
93.6,8.2,0.00133
93.6,8.4,0.000737
93.6,8.6,0.000322
93.6,8.8,0.000112
93.6,9,3.8e-05
93.6,9.4,0.000196
93.6,9.6,0.000709
93.6,9.8,0.002034
93.6,10,0.004615
93.6,10.2,0.008287
93.6,10.4,0.011774
93.6,10.6,0.013237
93.6,10.8,0.011774
93.6,11,0.008287
93.6,11.2,0.004615
93.6,11.4,0.002034
93.6,11.6,0.000709
93.6,11.8,0.000196
93.6,12,4.3e-05
93.6,23,0.000111
93.6,23.2,0.000506
93.6,23.4,0.001832
93.6,23.6,0.005247
93.6,23.8,0.01189
93.6,24,0.021316
93.6,24.2,0.030238
93.6,24.4,0.03394
93.6,24.6,0.030142
93.6,24.8,0.021181
93.6,25,0.011787
93.6,25.2,0.005228
93.6,25.4,0.001973
93.6,25.6,0.000982
93.6,25.8,0.001213
93.8,4,0.00015
93.8,4.2,0.000666
93.8,4.4,0.002317
93.8,4.6,0.006436
93.8,4.8,0.014244
93.8,5,0.025074
93.8,5.2,0.035065
93.8,5.4,0.038936
93.8,5.6,0.034328
93.8,5.8,0.024133
93.8,6,0.013778
93.8,6.2,0.006944
93.8,6.4,0.003993
93.8,6.6,0.003374
93.8,6.8,0.003542
93.8,7,0.003834
93.8,7.2,0.004334
93.8,7.4,0.005237
93.8,7.6,0.006172
93.8,7.8,0.00639
93.8,8,0.00547
93.8,8.2,0.003777
93.8,8.4,0.002082
93.8,8.6,0.000913
93.8,8.8,0.000315
93.8,9,0.0001
93.8,9.2,9.4e-05
93.8,9.4,0.000345
93.8,9.6,0.00125
93.8,9.8,0.003585
93.8,10,0.008133
93.8,10.2,0.014599
93.8,10.4,0.020734
93.8,10.6,0.023301
93.8,10.8,0.02072
93.8,11,0.014578
93.8,11.2,0.008116
93.8,11.4,0.003575
93.8,11.6,0.001246
93.8,11.8,0.000344
93.8,12,7.5e-05
93.8,23,0.0001
93.8,23.2,0.000459
93.8,23.4,0.001662
93.8,23.6,0.004759
93.8,23.8,0.010785
93.8,24,0.019338
93.8,24.2,0.027436
93.8,24.4,0.030804
93.8,24.6,0.027366
93.8,24.8,0.01924
93.8,25,0.010706
93.8,25.2,0.004734
93.8,25.4,0.001707
93.8,25.6,0.000628
93.8,25.8,0.000489
94,3.8,4.4e-05
94,4,0.000211
94,4.2,0.000842
94,4.4,0.002739
94,4.6,0.00721
94,4.8,0.015278
94,5,0.025957
94,5.2,0.035274
94,5.4,0.038304
94,5.6,0.033286
94,5.8,0.023462
94,6,0.014272
94,6.2,0.009193
94,6.4,0.00826
94,6.6,0.009432
94,6.8,0.010654
94,7,0.011257
94,7.2,0.011915
94,7.4,0.013324
94,7.6,0.014849
94,7.8,0.014886
94,8,0.012529
94,8.2,0.008565
94,8.4,0.004689
94,8.6,0.002048
94,8.8,0.00071
94,9,0.000212
94,9.2,0.000148
94,9.4,0.000492
94,9.6,0.001758
94,9.8,0.005038
94,10,0.011426
94,10.2,0.020506
94,10.4,0.029117
94,10.6,0.032715
94,10.8,0.029084
94,11,0.020458
94,11.2,0.011387
94,11.4,0.005015
94,11.6,0.001747
94,11.8,0.000482
94,12,0.000105
94,23,7.5e-05
94,23.2,0.000342
94,23.4,0.001239
94,23.6,0.00355
94,23.8,0.008048
94,24,0.014438
94,24.2,0.020504
94,24.4,0.023041
94,24.6,0.020498
94,24.8,0.014446
94,25,0.008074
94,25.2,0.003592
94,25.4,0.00129
94,25.6,0.000414
94,25.8,0.0002
94.2,3.8,8.5e-05
94.2,4,0.000355
94.2,4.2,0.001241
94.2,4.4,0.003609
94.2,4.6,0.00864
94.2,4.8,0.016875
94.2,5,0.02673
94.2,5.2,0.034215
94.2,5.4,0.035383
94.2,5.6,0.029838
94.2,5.8,0.021518
94.2,6,0.015608
94.2,6.2,0.014933
94.2,6.4,0.01872
94.2,6.6,0.023763
94.2,6.8,0.026915
94.2,7,0.02744
94.2,7.2,0.027194
94.2,7.4,0.028052
94.2,7.6,0.029267
94.2,7.8,0.028129
94.2,8,0.023092
94.2,8.2,0.01556
94.2,8.4,0.008445
94.2,8.6,0.003666
94.2,8.8,0.001266
94.2,9,0.000365
94.2,9.2,0.000194
94.2,9.4,0.000556
94.2,9.6,0.001969
94.2,9.8,0.005643
94.2,10,0.012797
94.2,10.2,0.022964
94.2,10.4,0.032607
94.2,10.6,0.036632
94.2,10.8,0.032564
94.2,11,0.022905
94.2,11.2,0.012747
94.2,11.4,0.005613
94.2,11.6,0.001956
94.2,11.8,0.000539
94.2,12,0.000118
94.2,12.2,2e-05
94.2,23.2,0.00021
94.2,23.4,0.00076
94.2,23.6,0.002178
94.2,23.8,0.004946
94.2,24,0.008888
94.2,24.2,0.012648
94.2,24.4,0.014269
94.2,24.6,0.012786
94.2,24.8,0.009133
94.2,25,0.00524
94.2,25.2,0.002446
94.2,25.4,0.000955
94.2,25.6,0.000329
94.2,25.8,0.000121
94.4,3.6,4.3e-05
94.4,3.8,0.000191
94.4,4,0.000699
94.4,4.2,0.002151
94.4,4.4,0.005556
94.4,4.6,0.011949
94.4,4.8,0.021193
94.4,5,0.030768
94.4,5.2,0.036388
94.4,5.4,0.035218
94.4,5.6,0.028806
94.4,5.8,0.022507
94.4,6,0.021715
94.4,6.2,0.02845
94.4,6.4,0.040212
94.4,6.6,0.051381
94.4,6.8,0.056793
94.4,7,0.055675
94.4,7.2,0.051877
94.4,7.4,0.049326
94.4,7.6,0.047705
94.4,7.8,0.043451
94.4,8,0.03447
94.4,8.2,0.022741
94.4,8.4,0.012184
94.4,8.6,0.005242
94.4,8.8,0.001802
94.4,9,0.000511
94.4,9.2,0.000212
94.4,9.4,0.000503
94.4,9.6,0.001758
94.4,9.8,0.005038
94.4,10,0.011426
94.4,10.2,0.020506
94.4,10.4,0.029117
94.4,10.6,0.032715
94.4,10.8,0.029084
94.4,11,0.020458
94.4,11.2,0.011387
94.4,11.4,0.005015
94.4,11.6,0.001747
94.4,11.8,0.000482
94.4,12,0.000105
94.4,23.2,0.000106
94.4,23.4,0.000383
94.4,23.6,0.001099
94.4,23.8,0.002512
94.4,24,0.004542
94.4,24.2,0.006541
94.4,24.4,0.007544
94.4,24.6,0.00705
94.4,24.8,0.005442
94.4,25,0.00357
94.4,25.2,0.002053
94.4,25.4,0.001055
94.4,25.6,0.000481
94.4,25.8,0.000194
94.4,26,6.8e-05
94.6,3.6,0.000104
94.6,3.8,0.000416
94.6,4,0.001395
94.6,4.2,0.003873
94.6,4.4,0.009011
94.6,4.6,0.017563
94.6,4.8,0.028517
94.6,5,0.038268
94.6,5.2,0.04228
94.6,5.4,0.038901
94.6,5.6,0.031988
94.6,5.8,0.028939
94.6,6,0.035825
94.6,6.2,0.053426
94.6,6.4,0.076135
94.6,6.6,0.094412
94.6,6.8,0.100585
94.6,7,0.09448
94.6,7.2,0.082988
94.6,7.4,0.072888
94.6,7.6,0.064935
94.6,7.8,0.055394
94.6,8,0.042003
94.6,8.2,0.026897
94.6,8.4,0.014142
94.6,8.6,0.006006
94.6,8.8,0.002048
94.6,9,0.00057
94.6,9.2,0.000194
94.6,9.4,0.000366
94.6,9.6,0.00125
94.6,9.8,0.003585
94.6,10,0.008133
94.6,10.2,0.014599
94.6,10.4,0.020734
94.6,10.6,0.023301
94.6,10.8,0.02072
94.6,11,0.014578
94.6,11.2,0.008116
94.6,11.4,0.003575
94.6,11.6,0.001246
94.6,11.8,0.000344
94.6,12,7.5e-05
94.6,23.4,0.000159
94.6,23.6,0.000466
94.6,23.8,0.001082
94.6,24,0.002029
94.6,24.2,0.003124
94.6,24.4,0.004053
94.6,24.6,0.004573
94.6,24.8,0.004593
94.6,25,0.004104
94.6,25.2,0.003186
94.6,25.4,0.002082
94.6,25.6,0.001116
94.6,25.8,0.000483
94.6,26,0.000165
94.6,26.2,4.6e-05
94.8,3.4,4.2e-05
94.8,3.6,0.000214
94.8,3.8,0.000819
94.8,4,0.00256
94.8,4.2,0.006569
94.8,4.4,0.013992
94.8,4.6,0.024888
94.8,4.8,0.037084
94.8,5,0.046176
94.8,5.2,0.048108
94.8,5.4,0.043055
94.8,5.6,0.037271
94.8,5.8,0.040124
94.8,6,0.058059
94.8,6.2,0.089561
94.8,6.4,0.124234
94.8,6.6,0.147686
94.8,6.8,0.150511
94.8,7,0.134832
94.8,7.2,0.111655
94.8,7.4,0.090831
94.8,7.6,0.074356
94.8,7.8,0.058869
94.8,8,0.042183
94.8,8.2,0.02595
94.8,8.4,0.013274
94.8,8.6,0.005534
94.8,8.8,0.001865
94.8,9,0.000511
94.8,9.2,0.000149
94.8,9.4,0.000214
94.8,9.6,0.000709
94.8,9.8,0.002034
94.8,10,0.004615
94.8,10.2,0.008287
94.8,10.4,0.011774
94.8,10.6,0.013237
94.8,10.8,0.011774
94.8,11,0.008287
94.8,11.2,0.004615
94.8,11.4,0.002034
94.8,11.6,0.000709
94.8,11.8,0.000196
94.8,12,4.3e-05
94.8,23.4,5.4e-05
94.8,23.6,0.000179
94.8,23.8,0.000461
94.8,24,0.001027
94.8,24.2,0.002023
94.8,24.4,0.003552
94.8,24.6,0.005452
94.8,24.8,0.007095
94.8,25,0.007615
94.8,25.2,0.006617
94.8,25.4,0.004604
94.8,25.6,0.002551
94.8,25.8,0.001118
94.8,26,0.00039
94.8,26.2,0.000108
95,3.4,7.5e-05
95,3.6,0.000364
95,3.8,0.001357
95,4,0.004075
95,4.2,0.009927
95,4.4,0.019753
95,4.6,0.032468
95,4.8,0.044499
95,5,0.051238
95,5.2,0.050254
95,5.4,0.044274
95,5.6,0.0417
95,5.8,0.052998
95,6,0.083951
95,6.2,0.12952
95,6.4,0.173537
95,6.6,0.197181
95,6.8,0.191375
95,7,0.162667
95,7.2,0.126675
95,7.4,0.09557
95,7.6,0.071908
95,7.8,0.052558
95,8,0.035241
95,8.2,0.020603
95,8.4,0.010156
95,8.6,0.004123
95,8.8,0.001366
95,9,0.000365
95,9.2,9.4e-05
95,9.4,0.000101
95,9.6,0.00032
95,9.8,0.000919
95,10,0.002088
95,10.2,0.003751
95,10.4,0.005332
95,10.6,0.005997
95,10.8,0.005337
95,11,0.003759
95,11.2,0.002094
95,11.4,0.000923
95,11.6,0.000322
95,11.8,8.9e-05
95,16.2,0.000114
95,16.4,0.000163
95,16.6,0.000184
95,16.8,0.000164
95,23.6,9e-05
95,23.8,0.00031
95,24,0.000943
95,24.2,0.002444
95,24.4,0.005251
95,24.6,0.009165
95,24.8,0.012832
95,25,0.014319
95,25.2,0.012688
95,25.4,0.008912
95,25.6,0.004958
95,25.8,0.002182
95,26,0.000761
95,26.2,0.00021
95,26.4,4.6e-05
95.2,3.4,0.000126
95.2,3.6,0.000516
95.2,3.8,0.001856
95.2,4,0.005436
95.2,4.2,0.012817
95.2,4.4,0.024418
95.2,4.6,0.037923
95.2,4.8,0.048612
95.2,5,0.052235
95.2,5.2,0.048552
95.2,5.4,0.042749
95.2,5.6,0.044447
95.2,5.8,0.063929
95.2,6,0.105356
95.2,6.2,0.160005
95.2,6.4,0.20691
95.2,6.6,0.22493
95.2,6.8,0.207601
95.2,7,0.166724
95.2,7.2,0.121568
95.2,7.4,0.084922
95.2,7.6,0.058754
95.2,7.8,0.039581
95.2,8,0.024694
95.2,8.2,0.01359
95.2,8.4,0.00639
95.2,8.6,0.002503
95.2,8.8,0.000809
95.2,9,0.000212
95.2,9.6,0.000115
95.2,9.8,0.000331
95.2,10,0.000753
95.2,10.2,0.001353
95.2,10.4,0.001925
95.2,10.6,0.002167
95.2,10.8,0.00193
95.2,11,0.00136
95.2,11.2,0.000758
95.2,11.4,0.000335
95.2,11.6,0.000117
95.2,11.8,3.2e-05
95.2,15.8,0.000113
95.2,16,0.000257
95.2,16.2,0.000463
95.2,16.4,0.00066
95.2,16.6,0.000745
95.2,16.8,0.000664
95.2,17,0.000469
95.2,17.2,0.000262
95.2,23.6,8.5e-05
95.2,23.8,0.000365
95.2,24,0.00128
95.2,24.2,0.003606
95.2,24.4,0.008108
95.2,24.6,0.014484
95.2,24.8,0.020515
95.2,25,0.023016
95.2,25.2,0.020442
95.2,25.4,0.014366
95.2,25.6,0.007992
95.2,25.8,0.003518
95.2,26,0.001225
95.2,26.2,0.000338
95.2,26.4,7.4e-05
95.4,2.6,4.4e-05
95.4,2.8,7.7e-05
95.4,3,0.000109
95.4,3.2,0.000143
95.4,3.4,0.000229
95.4,3.6,0.000634
95.4,3.8,0.002077
95.4,4,0.005943
95.4,4.2,0.013758
95.4,4.4,0.025618
95.4,4.6,0.038614
95.4,4.8,0.047798
95.4,5,0.049721
95.4,5.2,0.045702
95.4,5.4,0.041881
95.4,5.6,0.047366
95.4,5.8,0.070974
95.4,6,0.115128
95.4,6.2,0.16913
95.4,6.4,0.210615
95.4,6.6,0.219394
95.4,6.8,0.192668
95.4,7,0.145873
95.4,7.2,0.099129
95.4,7.4,0.063819
95.4,7.6,0.040512
95.4,7.8,0.025143
95.4,8,0.014566
95.4,8.2,0.007503
95.4,8.4,0.003336
95.4,8.6,0.001248
95.4,8.8,0.00039
95.4,9,0.0001
95.4,9.8,9.5e-05
95.4,10,0.000216
95.4,10.2,0.000389
95.4,10.4,0.000554
95.4,10.6,0.000624
95.4,10.8,0.000557
95.4,11,0.000393
95.4,11.2,0.000219
95.4,11.4,9.7e-05
95.4,11.6,3.4e-05
95.4,15.6,0.000129
95.4,15.8,0.000371
95.4,16,0.000843
95.4,16.2,0.001516
95.4,16.4,0.002157
95.4,16.6,0.00243
95.4,16.8,0.002165
95.4,17,0.001527
95.4,17.2,0.000852
95.4,17.4,0.000376
95.4,23.6,0.0001
95.4,23.8,0.000462
95.4,24,0.001664
95.4,24.2,0.004753
95.4,24.4,0.010757
95.4,24.6,0.019276
95.4,24.8,0.027339
95.4,25,0.030685
95.4,25.2,0.02725
95.4,25.4,0.019151
95.4,25.6,0.01065
95.4,25.8,0.004686
95.4,26,0.001631
95.4,26.2,0.000449
95.4,26.4,9.8e-05
95.6,2.2,3.9e-05
95.6,2.4,9.6e-05
95.6,2.6,0.000203
95.6,2.8,0.000353
95.6,3,0.000497
95.6,3.2,0.000576
95.6,3.4,0.000603
95.6,3.6,0.000839
95.6,3.8,0.001994
95.6,4,0.005307
95.6,4.2,0.012107
95.6,4.4,0.022435
95.6,4.6,0.033831
95.6,4.8,0.042361
95.6,5,0.045653
95.6,5.2,0.045157
95.6,5.4,0.045603
95.6,5.6,0.053507
95.6,5.8,0.07526
95.6,6,0.112309
95.6,6.2,0.155052
95.6,6.4,0.184184
95.6,6.6,0.183588
95.6,6.8,0.153527
95.6,7,0.109548
95.6,7.2,0.069136
95.6,7.4,0.040756
95.6,7.6,0.023578
95.6,7.8,0.013441
95.6,8,0.00723
95.6,8.2,0.003479
95.6,8.4,0.001453
95.6,8.6,0.000516
95.6,8.8,0.000155
95.6,10.2,8.9e-05
95.6,10.4,0.000127
95.6,10.6,0.000144
95.6,10.8,0.000128
95.6,11,9e-05
95.6,11.2,5e-05
95.6,15.4,9.4e-05
95.6,15.6,0.000341
95.6,15.8,0.00098
95.6,16,0.002224
95.6,16.2,0.003997
95.6,16.4,0.005683
95.6,16.6,0.006394
95.6,16.8,0.005692
95.6,17,0.004009
95.6,17.2,0.002234
95.6,17.4,0.000985
95.6,17.6,0.000344
95.6,23.6,0.00011
95.6,23.8,0.000504
95.6,24,0.001824
95.6,24.2,0.005223
95.6,24.4,0.011834
95.6,24.6,0.021215
95.6,24.8,0.030094
95.6,25,0.033776
95.6,25.2,0.029996
95.6,25.4,0.021078
95.6,25.6,0.011719
95.6,25.8,0.005155
95.6,26,0.001795
95.6,26.2,0.000494
95.6,26.4,0.000108
95.8,2.2,0.00014
95.8,2.4,0.000347
95.8,2.6,0.000733
95.8,2.8,0.001276
95.8,3,0.001795
95.8,3.2,0.002026
95.8,3.4,0.001866
95.8,3.6,0.001606
95.8,3.8,0.001979
95.8,4,0.004031
95.8,4.2,0.008821
95.8,4.4,0.01659
95.8,4.6,0.026109
95.8,4.8,0.035317
95.8,5,0.042889
95.8,5.2,0.049078
95.8,5.4,0.055293
95.8,5.6,0.064075
95.8,5.8,0.079069
95.8,6,0.101836
95.8,6.2,0.12658
95.8,6.4,0.14042
95.8,6.6,0.132896
95.8,6.8,0.105686
95.8,7,0.071102
95.8,7.2,0.041618
95.8,7.4,0.022322
95.8,7.6,0.011641
95.8,7.8,0.006042
95.8,8,0.00301
95.8,8.2,0.001353
95.8,8.4,0.000528
95.8,15.2,4.4e-05
95.8,15.4,0.000201
95.8,15.6,0.000727
95.8,15.8,0.002085
95.8,16,0.004732
95.8,16.2,0.008497
95.8,16.4,0.012072
95.8,16.6,0.013571
95.8,16.8,0.012072
95.8,17,0.008496
95.8,17.2,0.004731
95.8,17.4,0.002085
95.8,17.6,0.000727
95.8,17.8,0.000201
95.8,23.6,0.0001
95.8,23.8,0.000457
95.8,24,0.001656
95.8,24.2,0.004741
95.8,24.4,0.010744
95.8,24.6,0.019264
95.8,24.8,0.02733
95.8,25,0.03068
95.8,25.2,0.02725
95.8,25.4,0.019151
95.8,25.6,0.01065
95.8,25.8,0.004686
95.8,26,0.001631
95.8,26.2,0.000449
95.8,26.4,9.8e-05
96,2.2,0.000401
96,2.4,0.000993
96,2.6,0.002095
96,2.8,0.00365
96,3,0.005133
96,3.2,0.005762
96,3.4,0.005159
96,3.6,0.003794
96,3.8,0.002742
96,4,0.003089
96,4.2,0.005704
96,4.4,0.011107
96,4.6,0.019408
96,4.8,0.030357
96,5,0.043251
96,5.2,0.05645
96,5.4,0.067634
96,5.6,0.075565
96,5.8,0.081743
96,6,0.088611
96,6.2,0.095105
96,6.4,0.095415
96,6.6,0.08432
96,6.8,0.063403
96,7,0.040218
96,7.2,0.021859
96,7.4,0.010632
96,7.6,0.004935
96,7.8,0.002295
96,8,0.001046
96,8.2,0.000437
96,15.2,7.5e-05
96,15.4,0.000345
96,15.6,0.001248
96,15.8,0.003578
96,16,0.008114
96,16.2,0.014562
96,16.4,0.020677
96,16.6,0.023232
96,16.8,0.020653
96,17,0.014527
96,17.2,0.008086
96,17.4,0.003561
96,17.6,0.001241
96,17.8,0.000342
96,23.6,7.5e-05
96,23.8,0.000342
96,24,0.001238
96,24.2,0.003547
96,24.4,0.00804
96,24.6,0.014423
96,24.8,0.020472
96,25,0.022992
96,25.2,0.020431
96,25.4,0.014366
96,25.6,0.007992
96,25.8,0.003518
96,26,0.001225
96,26.2,0.000338
96,26.4,7.4e-05
96.2,2.2,0.000908
96.2,2.4,0.002249
96.2,2.6,0.004745
96.2,2.8,0.008264
96.2,3,0.01162
96.2,3.2,0.013026
96.2,3.4,0.011599
96.2,3.6,0.008242
96.2,3.8,0.004911
96.2,4,0.0032
96.2,4.2,0.003995
96.2,4.4,0.007959
96.2,4.6,0.016054
96.2,4.8,0.029013
96.2,5,0.045954
96.2,5.2,0.063336
96.2,5.4,0.076157
96.2,5.6,0.081166
96.2,5.8,0.07915
96.2,6,0.073642
96.2,6.2,0.067174
96.2,6.4,0.059071
96.2,6.6,0.047604
96.2,6.8,0.033461
96.2,7,0.019969
96.2,7.2,0.010114
96.2,7.4,0.004473
96.2,7.6,0.001831
96.2,7.8,0.000747
96.2,8,0.000297
96.2,15.2,0.000104
96.2,15.4,0.000477
96.2,15.6,0.001726
96.2,15.8,0.004946
96.2,16,0.011214
96.2,16.2,0.020118
96.2,16.4,0.028557
96.2,16.6,0.032074
96.2,16.8,0.028504
96.2,17,0.020043
96.2,17.2,0.011152
96.2,17.4,0.004909
96.2,17.6,0.00171
96.2,17.8,0.000471
96.2,23.8,0.00021
96.2,24,0.000762
96.2,24.2,0.002186
96.2,24.4,0.00496
96.2,24.6,0.008904
96.2,24.8,0.012648
96.2,25,0.014216
96.2,25.2,0.012642
96.2,25.4,0.008896
96.2,25.6,0.004953
96.2,25.8,0.002182
96.2,26,0.000761
96.2,26.2,0.00021
96.4,2.2,0.001628
96.4,2.4,0.004033
96.4,2.6,0.008508
96.4,2.8,0.014823
96.4,3,0.020843
96.4,3.2,0.023366
96.4,3.4,0.020781
96.4,3.6,0.014666
96.4,3.8,0.008354
96.4,4,0.004373
96.4,4.2,0.003758
96.4,4.4,0.007158
96.4,4.6,0.015707
96.4,4.8,0.030099
96.4,5,0.048522
96.4,5.2,0.065889
96.4,5.4,0.076224
96.4,5.6,0.076553
96.4,5.8,0.068493
96.4,6,0.056434
96.4,6.2,0.044337
96.4,6.4,0.033686
96.4,6.6,0.024177
96.4,6.8,0.015633
96.4,7,0.008735
96.4,7.2,0.004137
96.4,7.4,0.001677
96.4,7.6,0.000601
96.4,7.8,0.000207
96.4,15,2e-05
96.4,15.2,0.000116
96.4,15.4,0.000531
96.4,15.6,0.001923
96.4,15.8,0.00551
96.4,16,0.012491
96.4,16.2,0.022406
96.4,16.4,0.031802
96.4,16.6,0.035715
96.4,16.8,0.031736
96.4,17,0.022313
96.4,17.2,0.012413
96.4,17.4,0.005464
96.4,17.6,0.001903
96.4,17.8,0.000524
96.4,23.8,0.000107
96.4,24,0.000387
96.4,24.2,0.00111
96.4,24.4,0.002522
96.4,24.6,0.004532
96.4,24.8,0.006445
96.4,25,0.007257
96.4,25.2,0.006465
96.4,25.4,0.004561
96.4,25.6,0.00255
96.4,25.8,0.001132
96.4,26,0.0004
96.4,26.2,0.000113
96.6,2.2,0.002311
96.6,2.4,0.005733
96.6,2.6,0.012096
96.6,2.8,0.021072
96.6,3,0.02964
96.6,3.2,0.033244
96.6,3.4,0.029573
96.6,3.6,0.020867
96.6,3.8,0.011796
96.6,4,0.005864
96.6,4.2,0.004315
96.6,4.4,0.007611
96.6,4.6,0.016575
96.6,4.8,0.031238
96.6,5,0.048624
96.6,5.2,0.062748
96.6,5.4,0.068105
96.6,5.6,0.06347
96.6,5.8,0.052066
96.6,6,0.038626
96.6,6.2,0.026679
96.6,6.4,0.017579
96.6,6.6,0.01107
96.6,6.8,0.006471
96.6,7,0.003353
96.6,7.2,0.001488
96.6,7.4,0.000561
96.6,7.6,0.000176
96.6,7.8,4.9e-05
96.6,15,1.8e-05
96.6,15.2,0.000104
96.6,15.4,0.000477
96.6,15.6,0.001726
96.6,15.8,0.004946
96.6,16,0.011214
96.6,16.2,0.020118
96.6,16.4,0.028557
96.6,16.6,0.032074
96.6,16.8,0.028504
96.6,17,0.020043
96.6,17.2,0.011152
96.6,17.4,0.004909
96.6,17.6,0.00171
96.6,17.8,0.000471
96.6,24,0.000162
96.6,24.2,0.000465
96.6,24.4,0.001057
96.6,24.6,0.001902
96.6,24.8,0.00272
96.6,25,0.003078
96.6,25.2,0.002768
96.6,25.4,0.001987
96.6,25.6,0.001147
96.6,25.8,0.000541
96.6,26,0.000214
96.8,2.2,0.002608
96.8,2.4,0.006468
96.8,2.6,0.013662
96.8,2.8,0.02383
96.8,3,0.033574
96.8,3.2,0.037733
96.8,3.4,0.03366
96.8,3.6,0.023834
96.8,3.8,0.013558
96.8,4,0.006829
96.8,4.2,0.005019
96.8,4.4,0.008378
96.8,4.6,0.017196
96.8,4.8,0.03068
96.8,5,0.045133
96.8,5.2,0.054667
96.8,5.4,0.05512
96.8,5.6,0.047154
96.8,5.8,0.03512
96.8,6,0.023408
96.8,6.2,0.014345
96.8,6.4,0.008269
96.8,6.6,0.00455
96.8,6.8,0.002366
96.8,7,0.001119
96.8,7.2,0.000459
96.8,7.4,0.00016
96.8,7.6,3.8e-05
96.8,15.2,7.5e-05
96.8,15.4,0.000345
96.8,15.6,0.001248
96.8,15.8,0.003578
96.8,16,0.008114
96.8,16.2,0.014562
96.8,16.4,0.020677
96.8,16.6,0.023232
96.8,16.8,0.020653
96.8,17,0.014527
96.8,17.2,0.008086
96.8,17.4,0.003561
96.8,17.6,0.001241
96.8,17.8,0.000342
96.8,24.2,0.00016
96.8,24.4,0.00037
96.8,24.6,0.000675
96.8,24.8,0.000986
96.8,25,0.001168
96.8,25.2,0.001142
96.8,25.4,0.000949
96.8,25.6,0.000691
96.8,25.8,0.000449
96.8,26,0.000259
97,2.2,0.002349
97,2.4,0.005846
97,2.6,0.012399
97,2.8,0.021741
97,3,0.030828
97,3.2,0.034934
97,3.4,0.031497
97,3.6,0.022638
97,3.8,0.013238
97,4,0.007201
97,4.2,0.005976
97,4.4,0.009648
97,4.6,0.017804
97,4.8,0.028859
97,5,0.039085
97,5.2,0.043867
97,5.4,0.040872
97,5.6,0.031976
97,5.8,0.021476
97,6,0.012743
97,6.2,0.006883
97,6.4,0.003468
97,6.6,0.001663
97,6.8,0.00076
97,7,0.000318
97,7.2,0.000116
97,7.4,3.1e-05
97,15.2,4.4e-05
97,15.4,0.000201
97,15.6,0.000727
97,15.8,0.002085
97,16,0.004732
97,16.2,0.008497
97,16.4,0.012072
97,16.6,0.013571
97,16.8,0.012072
97,17,0.008496
97,17.2,0.004731
97,17.4,0.002085
97,17.6,0.000727
97,17.8,0.000201
97,24.4,0.00012
97,24.6,0.000245
97,24.8,0.000433
97,25,0.00068
97,25.2,0.000949
97,25.4,0.001159
97,25.6,0.001199
97,25.8,0.001022
97,26,0.000706
97,26.2,0.00039
97,26.4,0.00017
97.2,2.4,0.004379
97.2,2.6,0.009431
97.2,2.8,0.016856
97.2,3,0.024462
97.2,3.2,0.028518
97.2,3.4,0.026626
97.2,3.6,0.020038
97.2,3.8,0.012633
97.2,4,0.008056
97.2,4.2,0.00804
97.2,4.4,0.012565
97.2,4.6,0.020263
97.2,4.8,0.028511
97.2,5,0.033946
97.2,5.2,0.034019
97.2,5.4,0.028621
97.2,5.6,0.020258
97.2,5.8,0.012198
97.2,6,0.006389
97.2,6.2,0.003002
97.2,6.4,0.001305
97.2,6.6,0.000535
97.2,6.8,0.00021
97.2,7,7.5e-05
97.2,15.2,2.1e-05
97.2,15.4,9.4e-05
97.2,15.6,0.000341
97.2,15.8,0.00098
97.2,16,0.002224
97.2,16.2,0.003997
97.2,16.4,0.005683
97.2,16.6,0.006394
97.2,16.8,0.005692
97.2,17,0.004009
97.2,17.2,0.002234
97.2,17.4,0.000985
97.2,17.6,0.000344
97.2,17.8,9.5e-05
97.2,24.4,7e-05
97.2,24.6,0.000209
97.2,24.8,0.000537
97.2,25,0.001149
97.2,25.2,0.002002
97.2,25.4,0.002806
97.2,25.6,0.003135
97.2,25.8,0.002784
97.2,26,0.001956
97.2,26.2,0.001092
97.2,26.4,0.000482
97.2,26.6,0.000169
97.4,2.4,0.003057
97.4,2.6,0.006886
97.4,2.8,0.01296
97.4,3,0.019959
97.4,3.2,0.024896
97.4,3.4,0.025095
97.4,3.6,0.020634
97.4,3.8,0.014583
97.4,4,0.010846
97.4,4.2,0.011913
97.4,4.4,0.017744
97.4,4.6,0.025728
97.4,4.8,0.031807
97.4,5,0.032817
97.4,5.2,0.028358
97.4,5.4,0.020668
97.4,5.6,0.01277
97.4,5.8,0.006737
97.4,6,0.003073
97.4,6.2,0.001242
97.4,15.4,3.6e-05
97.4,15.6,0.000129
97.4,15.8,0.000371
97.4,16,0.000843
97.4,16.2,0.001516
97.4,16.4,0.002157
97.4,16.6,0.00243
97.4,16.8,0.002165
97.4,17,0.001527
97.4,17.2,0.000852
97.4,17.4,0.000376
97.4,17.6,0.000131
97.4,24.4,0.000112
97.4,24.6,0.000399
97.4,24.8,0.001134
97.4,25,0.002562
97.4,25.2,0.004591
97.4,25.4,0.00652
97.4,25.6,0.007331
97.4,25.8,0.006522
97.4,26,0.004595
97.4,26.2,0.002561
97.4,26.4,0.00113
97.4,26.6,0.000394
97.6,2.4,0.002621
97.6,2.6,0.006202
97.6,2.8,0.012444
97.6,3,0.020604
97.6,3.2,0.02774
97.6,3.4,0.030246
97.6,3.6,0.026975
97.6,3.8,0.020674
97.6,4,0.016174
97.6,4.2,0.017137
97.6,4.4,0.023728
97.6,4.6,0.03217
97.6,4.8,0.036938
97.6,5,0.034699
97.6,5.2,0.026642
97.6,5.4,0.016876
97.6,5.6,0.008927
97.6,5.8,0.003996
97.6,6,0.001536
97.6,6.2,0.000516
97.6,15.6,3.9e-05
97.6,15.8,0.000113
97.6,16,0.000257
97.6,16.2,0.000463
97.6,16.4,0.00066
97.6,16.6,0.000745
97.6,16.8,0.000664
97.6,17,0.000469
97.6,17.2,0.000262
97.6,17.4,0.000116
97.6,24.2,4.6e-05
97.6,24.4,0.000211
97.6,24.6,0.000765
97.6,24.8,0.002194
97.6,25,0.004978
97.6,25.2,0.008936
97.6,25.4,0.012693
97.6,25.6,0.014266
97.6,25.8,0.012687
97.6,26,0.008928
97.6,26.2,0.004971
97.6,26.4,0.00219
97.6,26.6,0.000763
97.6,26.8,0.000211
97.8,2.6,0.00773
97.8,2.8,0.015397
97.8,3,0.025875
97.8,3.2,0.035857
97.8,3.4,0.040645
97.8,3.6,0.037972
97.8,3.8,0.030384
97.8,4,0.023607
97.8,4.2,0.022491
97.8,4.4,0.027778
97.8,4.6,0.035338
97.8,4.8,0.03892
97.8,5,0.034983
97.8,5.2,0.025328
97.8,5.4,0.014786
97.8,5.6,0.007015
97.8,5.8,0.002734
97.8,6,0.000889
97.8,6.2,0.000243
97.8,15.8,2.8e-05
97.8,16,6.3e-05
97.8,16.2,0.000114
97.8,16.4,0.000163
97.8,16.6,0.000184
97.8,16.8,0.000164
97.8,17,0.000116
97.8,17.2,6.5e-05
97.8,24.4,0.000341
97.8,24.6,0.001237
97.8,24.8,0.003543
97.8,25,0.008032
97.8,25.2,0.014407
97.8,25.4,0.020449
97.8,25.6,0.022965
97.8,25.8,0.020406
97.8,26,0.014348
97.8,26.2,0.007982
97.8,26.4,0.003514
97.8,26.6,0.001224
97.8,26.8,0.000337
98,2.6,0.012541
98,2.8,0.022268
98,3,0.034953
98,3.2,0.04705
98,3.4,0.053487
98,3.6,0.051384
98,3.8,0.042681
98,4,0.032974
98,4.2,0.027732
98,4.4,0.028748
98,4.6,0.032906
98,4.8,0.034552
98,5,0.030228
98,5.2,0.021328
98,5.4,0.012038
98,5.6,0.005431
98,5.8,0.001967
98,6,0.000575
98,6.2,0.000137
98,16.2,2.3e-05
98,16.4,3.2e-05
98,16.6,3.7e-05
98,16.8,3.3e-05
98,25,0.010702
98,25.2,0.019189
98,25.4,0.027222
98,25.6,0.030557
98,25.8,0.02714
98,26,0.019073
98,26.2,0.010606
98,26.4,0.004666
98,26.6,0.001624
98,26.8,0.000447
98.2,2.8,0.03783
98.2,3,0.052125
98.2,3.2,0.064268
98.2,3.4,0.070266
98.2,3.6,0.067851
98.2,3.8,0.058112
98.2,4,0.045222
98.2,4.2,0.034335
98.2,4.4,0.028567
98.2,4.6,0.026983
98.2,4.8,0.025666
98.2,5,0.021531
98.2,5.2,0.014886
98.2,5.4,0.008281
98.2,5.6,0.003675
98.2,5.8,0.001313
98.2,6,0.000386
98.2,6.2,0.000102
98.2,6.4,2.7e-05
98.2,25.4,0.029946
98.2,25.6,0.033609
98.2,25.8,0.029846
98.2,26,0.020971
98.2,26.2,0.01166
98.2,26.4,0.005129
98.2,26.6,0.001785
98.2,26.8,0.000492
98.4,2.8,0.071336
98.4,3,0.087287
98.4,3.2,0.096346
98.4,3.4,0.097301
98.4,3.6,0.09073
98.4,3.8,0.077851
98.4,4,0.060855
98.4,4.2,0.043583
98.4,4.4,0.030088
98.4,4.6,0.021821
98.4,4.8,0.016956
98.4,5,0.012837
98.4,5.2,0.008508
98.4,5.4,0.004673
98.4,5.6,0.002105
98.4,5.8,0.00082
98.4,6,0.00032
98.4,6.2,0.000156
98.4,6.4,8.7e-05
98.4,6.6,4.5e-05
98.4,25.8,0.02714
98.4,26,0.019073
98.4,26.2,0.010606
98.4,26.4,0.004666
98.4,26.6,0.001624
98.4,26.8,0.000447
98.6,2.8,0.128657
98.6,3,0.146693
98.6,3.2,0.148668
98.6,3.4,0.137737
98.6,3.6,0.120208
98.6,3.8,0.099741
98.6,4,0.077072
98.6,4.2,0.053805
98.6,4.4,0.033665
98.6,4.6,0.01962
98.6,4.8,0.011492
98.6,5,0.006993
98.6,5.2,0.004174
98.6,5.4,0.002313
98.6,5.6,0.001261
98.6,5.8,0.00082
98.6,6,0.000659
98.6,6.2,0.00053
98.6,6.4,0.00036
98.6,6.6,0.000201
98.6,26.4,0.003514
98.6,26.6,0.001224
98.6,26.8,0.000337
98.8,3,0.21935
98.8,3.2,0.21055
98.8,3.4,0.181964
98.8,3.6,0.147745
98.8,3.8,0.116121
98.8,4,0.087337
98.8,4.2,0.06015
98.8,4.4,0.036409
98.8,4.6,0.019154
98.8,4.8,0.009055
98.8,5,0.004194
98.8,5.2,0.002182
98.8,5.4,0.001548
98.8,5.6,0.001613
98.8,5.8,0.001932
98.8,6,0.00208
98.8,6.2,0.001832
98.8,26.8,0.000211
99,3,0.274996
99,3.2,0.254653
99,3.4,0.2089
99,3.6,0.158977
99,3.8,0.117667
99,4,0.085322
99,4.2,0.05799
99,4.4,0.034844
99,4.6,0.017826
99,4.8,0.007753
99,5,0.003169
99,5.2,0.00187
99,5.4,0.002355
99,5.6,0.003745
99,5.8,0.005199
99,6,0.005821
99.2,3,0.283103
99.2,3.2,0.255321
99.2,3.4,0.201172
99.2,3.6,0.144799
99.2,3.8,0.100991
99.2,4,0.070197
99.2,4.2,0.04689
99.2,4.4,0.028117
99.2,4.6,0.014366
99.2,4.8,0.00622
99.2,5,0.002793
99.2,5.2,0.002617
99.2,5.4,0.004716
99.2,5.6,0.008222
99.4,3.2,0.210061
99.4,3.4,0.160178
99.4,3.6,0.109839
99.4,3.8,0.072304
99.4,4,0.047938
99.4,4.2,0.031288
99.4,4.4,0.018679
99.4,4.6,0.009602
99.4,4.8,0.004347
99.4,5,0.002617
99.4,5.2,0.003963
99.4,5.4,0.00822
99.6,3.2,0.141402
99.6,3.4,0.104901
99.6,3.6,0.068904
99.6,3.8,0.042858
99.6,4,0.026956
99.6,4.2,0.017055
99.6,4.4,0.010091
99.6,4.6,0.005247
99.6,4.8,0.002649
99.6,5,0.002507
99.6,5.2,0.005278
99.8,3.4,0.056422
99.8,3.6,0.035663
99.8,3.8,0.020976
99.8,4,0.012435
99.8,4.2,0.007561
99.8,4.4,0.004409
99.8,4.6,0.00235
99.8,4.8,0.001485
100,3.4,0.024947
100,3.6,0.015244
100,3.8,0.008491
100,4,0.004714
100,4.2,0.00272
100,4.4,0.001557
100,4.6,0.000878
