           c1      c2      c3      c4   sigma
T                                            
0.000  1.6858  0.9241 -0.0760  0.0057  0.4648
0.010  1.7510  0.9203 -0.0748  0.0056  0.4636
0.015  1.8602  0.9184 -0.0666  0.0053  0.4230
0.020  2.0999  0.9098 -0.0630  0.0056  0.4758
0.030  2.6310  0.8999 -0.0582  0.0060  0.5189
0.040  2.8084  0.9022 -0.0583  0.0059  0.4567
0.050  2.7800  0.9090 -0.0605  0.0055  0.4130
0.060  2.6986  0.9173 -0.0634  0.0052  0.4201
0.075  2.5703  0.9308 -0.0687  0.0049  0.4305
0.090  2.4565  0.9450 -0.0748  0.0046  0.4572
0.100  2.3890  0.9548 -0.0791  0.0044  0.4503
0.150  2.1200  1.0070 -0.1034  0.0038  0.4268
0.200  1.9192  1.0619 -0.1296  0.0034  0.3932
0.300  1.6138  1.1708 -0.1799  0.0028  0.3984
0.400  1.3720  1.2716 -0.2219  0.0024  0.3894
0.500  1.1638  1.3615 -0.2546  0.0021  0.3817
0.600  0.9770  1.4409 -0.2791  0.0019  0.3744
0.700  0.8061  1.5111 -0.2970  0.0017  0.3676
0.750  0.7254  1.5432 -0.3040  0.0016  0.3645
0.800  0.6476  1.5734 -0.3099  0.0016  0.3616
0.900  0.4996  1.6291 -0.3188  0.0015  0.3568
1.000  0.3604  1.6791 -0.3248  0.0014  0.3531
1.200  0.2904  1.7464 -0.3300  0.0013  0.3748
1.500 -0.2339  1.8695 -0.3290  0.0011  0.3479
2.000 -0.7096  1.9983 -0.3144  0.0011  0.3140
2.500 -1.1064  2.0919 -0.2945  0.0010  0.3222
3.000 -1.4468  2.1632 -0.2737  0.0011  0.3493
4.000 -2.0090  2.2644 -0.2350  0.0011  0.3182