           c1      c2      c3      c4   sigma
T                                            
0.000  1.7236  0.9453 -0.0725  0.0064  0.3439
0.010  1.8063  0.9379 -0.0725  0.0062  0.3405
0.015  1.9263  0.9320 -0.0703  0.0066  0.3572
0.020  2.1696  0.9224 -0.0663  0.0072  0.3977
0.030  2.7092  0.9087 -0.0602  0.0081  0.4152
0.040  2.8823  0.9090 -0.0597  0.0078  0.3422
0.050  2.8509  0.9153 -0.0617  0.0073  0.3087
0.060  2.7684  0.9235 -0.0648  0.0067  0.2988
0.075  2.6403  0.9372 -0.0703  0.0061  0.2919
0.090  2.5270  0.9518 -0.0766  0.0056  0.2868
0.100  2.4597  0.9620 -0.0811  0.0053  0.2839
0.150  2.1912  1.0160 -0.1065  0.0043  0.2726
0.200  1.9900  1.0728 -0.1338  0.0037  0.2654
0.300  1.6827  1.1852 -0.1854  0.0029  0.2575
0.400  1.4382  1.2883 -0.2279  0.0023  0.2520
0.500  1.2271  1.3799 -0.2606  0.0019  0.2461
0.600  1.0376  1.4605 -0.2848  0.0017  0.2398
0.700  0.8639  1.5316 -0.3023  0.0015  0.2337
0.750  0.7821  1.5639 -0.3090  0.0014  0.2310
0.800  0.7031  1.5945 -0.3147  0.0013  0.2285
0.900  0.5527  1.6506 -0.3231  0.0011  0.2244
1.000  0.4115  1.7010 -0.3287  0.0010  0.2215
1.200  0.1521  1.7878 -0.3334  0.0009  0.2191
1.500 -0.1909  1.8922 -0.3308  0.0007  0.2214
2.000 -0.6722  2.0209 -0.3148  0.0006  0.2321
2.500 -1.0731  2.1142 -0.2939  0.0006  0.2437
3.000 -1.4164  2.1850 -0.2724  0.0006  0.2531
4.000 -1.9828  2.2851 -0.2329  0.0006  0.2649