# jet Generated Color Map Export File
INTERPOLATION:DISCRETE
0.0068,76,76,76,256,<= 0.0068
0.01,0,0,128,256,0.0068 - 0.01
0.015,0,0,200,256,0.01 - 0.015
0.022,0,0,256,256,0.015 - 0.022
0.033,0,64,256,256,0.022 - 0.033
0.047,0,128,256,256,0.033 - 0.047
0.068,0,192,256,256,0.047 - 0.068
0.1,20,256,227,256,0.068 - 0.1
0.15,72,256,175,256,0.1 - 0.15
0.22,123,256,123,256,0.15 - 0.22
0.33,175,256,72,256,0.22 - 0.33
0.47,227,256,20,256,0.33 - 0.47
0.68,256,210,0,256,0.47 - 0.68
1,256,151,0,256,0.68 - 1
1.5,256,92,0,256,1 - 1.5
2.2,256,33,0,256,1.5 - 2.2
3.3,200,0,0,256,2.2 - 3.3
4.7,128,0,0,256,3.3 - 4.7
inf,179,179,179,256,> 4.7
