YEAR	MONTH	DAY	HH	MM	SS	LAT	LON	DEPTH	DEPTH_ERR	NMAG_TYPE	MAG	MAG_MW	MAG_MW_ERR	SOURCE
162	7	-1	-1	-1	-1	26.9	100.2	-1	-1	~MS	5	5.4	-1	LEE1976a
180	9	-1	-1	-1	-1	39.4	99.5	-1	-1	~MS	7.5	7.4	-1	LEE1976a
734	0	0	-1	-1	-1	31.6	60.5	-1	-1	MS	6.5	6.4	-1	AB2003a
763	0	0	-1	-1	-1	33.3	59.3	-1	-1	MS	7.6	7.5	-1	AB2003a
805	12	2	-1	-1	-1	29.5	60.5	-1	-1	MS	7	6.9	-1	AB2003a
815	0	0	-1	-1	-1	29.5	60.5	-1	-1	MS	7	6.9	-1	AB2003a
819	6	0	-1	-1	-1	36.4	65.4	-1	-1	MS	7.4	7.3	-1	AB2003a
849	0	0	-1	-1	-1	34.3	62.2	-1	-1	MS	-1	5.6	-1	AB2003a
886	-1	-1	-1	-1	-1	25.7	100.2	-1	-1	~MS	5.5	5.7	-1	LEE1976a
1066	5	0	-1	-1	-1	33.9	59.2	-1	-1	MS	6.5	6.4	-1	AB2003a
1101	-1	-1	-1	-1	-1	36	59	10	-1	~MS	6.5	6.4	-1	NGDC
1102	2	28	18	-1	-1	34.4	62.2	-1	-1	MS	-1	5.6	-1	AB2003a
1111	-1	-1	-1	-1	-1	25.7	100.2	-1	-1	~MS	5	5.4	-1	LEE1976a
1145	0	0	-1	-1	-1	36.2	58.8	-1	-1	MS	5.3	5.6	-1	AB2003a
1209	0	0	12	-1	-1	36.4	58.7	-1	-1	MS	7.6	7.5	-1	AB2003a
1238	0	0	-1	-1	-1	34.3	58.7	-1	-1	MS	5.3	5.6	-1	AB2003a
1251	0	0	-1	-1	-1	36.2	58.8	-1	-1	MS	5.3	5.6	-1	AB2003a
1270	10	7	12	-1	-1	36.2	58.8	-1	-1	MS	7.1	7	-1	AB2003a
1336	10	21	6	-1	-1	34.7	59.7	-1	-1	MS	7.6	7.5	-1	AB2003a
1364	2	10	-1	-1	-1	34.9	61.7	-1	-1	MS	-1	5.9	-1	AB2003a
1389	2	-1	-1	-1	-1	36.2	58.8	-1	-1	MS	7.6	7.5	-1	AB2003a
1405	11	23	-1	-1	-1	36.2	58.8	-1	-1	MS	7.6	7.5	-1	AB2003a
1428	0	0	-1	-1	-1	35.8	64.2	-1	-1	MS	6.5	6.4	-1	AB2003a
1459	8	-1	-1	-1	-1	25.1	99.2	-1	-1	~MS	5	5.4	-1	LEE1976a
1474	10	27	-1	-1	-1	26.5	100.1	-1	-1	~MS	5.5	5.7	-1	LEE1976a
1481	7	15	-1	-1	-1	26.5	100	-1	-1	~MS	6	6.1	-1	LEE1976a
1493	1	10	6	0	0	33	59.8	-1	-1	MS	7	6.9	-1	AB2003a
1498	11	14	-1	-1	-1	26.1	100	-1	-1	~MS	4.8	5.2	-1	LEE1976a
1499	7	17	-1	-1	-1	25.3	100.4	-1	-1	~MS	5.5	5.7	-1	LEE1976a
1505	6	6	-1	-1	-1	29.5	83	34	-1	~MS	8.2	8.7	0.1	BA2005a
1505	7	6	-1	-1	-1	34.5	69.1	-1	-1	MS	7.3	7.2	-1	AB2003a
1511	11	17	-1	-1	-1	26	100	-1	-1	~MS	5.8	5.9	-1	LEE1976a
1512	10	8	-1	-1	-1	25	98.7	-1	-1	~MS	6.5	6.4	-1	LEE1976a
1514	5	17	-1	-1	-1	25.7	100.2	-1	-1	~MS	5.8	5.9	-1	LEE1976a
1514	9	18	-1	-1	-1	25.1	99.2	-1	-1	~MS	5.5	5.7	-1	LEE1976a
1515	6	17	-1	-1	-1	26.6	100.8	-1	-1	~MS	7.5	7.4	-1	LEE1976a
1515	10	23	-1	-1	-1	25.7	100.2	-1	-1	~MS	6	6.1	-1	LEE1976a
1519	-1	-1	-1	-1	-1	25.7	100.2	-1	-1	~MS	5	5.4	-1	LEE1976a
1520	3	26	-1	-1	-1	25.3	100.3	-1	-1	~MS	5.5	5.7	-1	LEE1976a
1520	6	8	-1	-1	-1	26.6	100.2	-1	-1	~MS	5	5.4	-1	LEE1976a
1520	8	18	-1	-1	-1	24.5	100.9	-1	-1	~MS	5.8	5.9	-1	LEE1976a
1549	2	15	2	40	-1	33.7	60	-1	-1	MS	6.7	6.6	-1	AB2003a
1555	9	-1	-1	-1	-1	33.5	75.5	-1	-1	~MS	7.6	>=7.6	-1	AD2004a
1577	3	13	-1	-1	-1	25	58.6	-1	-1	~MS	6.5	6.4	-1	LEE1976a
1579	1	-1	-1	-1	-1	25.1	99.2	-1	-1	~MS	5	5.4	-1	LEE1976a
1583	1	-1	-1	-1	-1	25	98.6	-1	-1	~MS	5.5	5.7	-1	LEE1976a
1586	3	-1	-1	-1	-1	25.3	100.3	-1	-1	~MS	5.5	5.7	-1	LEE1976a
1602	10	-1	-1	-1	-1	26.2	100	-1	-1	~MS	5	5.4	-1	LEE1976a
1609	7	11	-1	-1	-1	39.2	99	-1	-1	~MS	6.8	6.6	-1	LEE1976a
1611	4	-1	-1	-1	-1	24	97.8	-1	-1	~MS	4.8	5.2	-1	LEE1976a
1618	5	26	-1	-1	-1	18.9	72.9	-1	-1	~MS	6.9	6.9	-1	RR2000a
1619	-1	-1	-1	-1	-1	25.8	99.4	-1	-1	~MS	5	5.4	-1	LEE1976a
1619	5	0	-1	-1	-1	35.1	58.9	-1	-1	MS	6.5	6.4	-1	AB2003a
1623	5	4	-1	-1	-1	25.5	100.5	-1	-1	~MS	6	6.1	-1	LEE1976a
1624	3	26	-1	-1	-1	26.5	99.9	-1	-1	~MS	5.5	5.7	-1	LEE1976a
1652	7	13	-1	-1	-1	25.4	100.5	-1	-1	~MS	6.8	6.6	-1	LEE1976a
1664	4	-1	-1	-1	-1	26.1	100	-1	-1	~MS	5	5.4	-1	LEE1976a
1673	7	30	-1	-1	-1	36.3	59.3	-1	-1	MS	6.6	6.5	-1	AB2003a
1673	8	1	-1	-1	-1	35.5	59	10	-1	~MS	6.2	6.2	-1	NGDC
1678	0	0	2	40	-1	34.3	58.7	-1	-1	MS	6.5	6.4	-1	AB2003a
1688	6	14	-1	-1	-1	26.5	99.9	-1	-1	~MS	6.3	6.2	-1	LEE1976a
1699	9	-1	-1	-1	-1	39.8	99.7	-1	-1	~MS	4.8	5.2	-1	LEE1976a
1713	-1	-1	20	0	0	27.5	93	-1	-1	M	>=7	7	-1	AJ2003a
1720	7	15	-1	-1	-1	30	80	-1	-1	~MS	7.5	7.5	0.4	AD2004a
1738	-1	-1	-1	-1	-1	33	96.6	-1	-1	~MS	6.5	6.4	-1	LEE1976a
1751	-1	-1	-1	-1	-1	31.3	80	-1	-1	~MS	7	7	-1	AJ2003a
1751	5	25	-1	-1	-1	26.5	99.9	-1	-1	~MS	6.5	6.4	-1	LEE1976a
1757	6	13	-1	-1	-1	25	98.5	-1	-1	~MS	5.3	5.5	-1	LEE1976a
1764	8	-1	-1	-1	-1	17.9	73.7	-1	-1	~MS	-1	6	-1	RR2000a
1785	-1	-1	-1	-1	-1	25	98.5	-1	-1	~MS	5	5.4	-1	LEE1976a
1785	4	18	-1	-1	-1	39.9	98	-1	-1	~MS	6	6.1	-1	LEE1976a
1786	7	-1	-1	-1	-1	25	98.5	-1	-1	~MS	5	5.4	-1	LEE1976a
1801	2	3	-1	-1	-1	26.5	99.9	-1	-1	~MS	5.5	5.7	-1	LEE1976a
1803	2	1	-1	-1	-1	25.6	100.6	-1	-1	~MS	6	6.1	-1	LEE1976a
1803	9	1	-1	-1	-1	30	78	-1	-1	~MS	7.7	7.7	0.2	AD2004a
1806	6	11	-1	-1	-1	28.5	92.5	-1	-1	M	~7.7	7.7	-1	AJ2003a
1811	9	27	-1	-1	-1	31.7	100.3	-1	-1	~MS	6	6.1	-1	LEE1976a
1816	12	8	-1	-1	-1	31.4	100.7	-1	-1	~MS	6.5	6.4	-1	NGDC
1819	6	16	-1	-1	-1	23.6	68.6	-1	-1	~MS	7.7	7.7	0.2	B1999a
1832	1	22	-1	-1	-1	36.5	71	-1	-1	MS	7.4	7.3	-1	AB2003a
1832	8	-1	-1	-1	-1	39.9	96.9	-1	-1	~MS	6.5	6.4	-1	LEE1976a
1833	-1	-1	-1	-1	-1	37.3	58.1	-1	-1	MS	6.2	6.2	-1	AB2003a
1833	8	26	-1	-1	-1	28	85.7	-1	-1	~MS	7.5	7.6	0.2	B1995a
1838	0	0	-1	-1	-1	29.6	59.9	-1	-1	MS	7	6.9	-1	AB2003a
1839	2	7	-1	-1	-1	26.1	100	-1	-1	~MS	6	6.1	-1	LEE1976a
1839	2	23	-1	-1	-1	26.1	100	-1	-1	~MS	6	6.1	-1	LEE1976a
1842	2	19	11	40	-1	35	71	-1	-1	MS	7.5	7.4	-1	AB2003a
1842	5	21	-1	-1	-1	25	87	-1	-1	MW	4.9	4.8	-1	JS2004a
1842	10	9	-1	-1	-1	22.3	73.2	-1	-1	MW	4.2	4.1	-1	JS2004a
1843	2	8	-1	-1	-1	23	72.7	-1	-1	MW	4.2	4.1	-1	JS2004a
1843	3	12	-1	-1	-1	15.2	76	-1	-1	MW	4.7	4.6	-1	JS2004a
1843	4	1	-1	-1	-1	15.2	76.9	-1	-1	MW	5.3	5.2	-1	JS2004a
1844	1	1	-1	-1	-1	23.8	68.9	-1	-1	MW	4.2	4.1	-1	JS2004a
1845	4	19	-1	-1	-1	23.8	68.9	-1	-1	MW	5.6	5.5	-1	JS2004a
1845	6	19	-1	-1	-1	23.8	68.9	-1	-1	MW	5.2	5.1	-1	JS2004a
1845	8	6	-1	-1	-1	22.7	88.4	-1	-1	MW	4.9	4.8	-1	JS2004a
1845	11	3	-1	-1	-1	26	100	-1	-1	~MS	5.5	5.7	-1	LEE1976a
1846	5	27	-1	-1	-1	23	80	-1	-1	MW	4.9	4.8	-1	JS2004a
1847	5	5	-1	-1	-1	22.6	88.4	-1	-1	MW	4.7	4.6	-1	JS2004a
1847	10	31	-1	-1	-1	~7.0	-	-1	-1	MW	7.5-7.9	>=7.5	-1	B2005a
1848	2	20	-1	-1	-1	22.6	88.4	-1	-1	MW	4.2	4.1	-1	JS2004a
1848	4	26	-1	-1	-1	24.4	72.7	-1	-1	MW	5.5	5.4	-1	JS2004a
1848	11	30	-1	-1	-1	22.6	88.4	-1	-1	MW	3.8	3.7	-1	JS2004a
1849	1	2	-1	-1	-1	25.2	73.2	-1	-1	MW	4.1	4	-1	JS2004a
1849	6	2	-1	-1	-1	25.2	73.2	-1	-1	MW	4.7	4.6	-1	JS2004a
1849	12	26	-1	-1	-1	18.9	72.9	-1	-1	MW	3.3	3.2	-1	JS2004a
1850	5	7	-1	-1	-1	22.6	88.4	-1	-1	MW	4.2	4.1	-1	JS2004a
1851	6	0	-1	-1	-1	36.8	58.4	-1	-1	MS	6.9	6.8	-1	AB2003a
1852	1	24	3	45	-1	29.3	68.6	-1	-1	MS	6.7	6.6	-1	AB2003a
1852	2	9	-1	-1	-1	22.6	88.4	-1	-1	MW	3.8	3.7	-1	JS2004a
1852	2	22	-1	-1	-1	37.1	58.4	10	-1	~MS	5.8	5.9	-1	NGDC
1852	3	31	-1	-1	-1	22.1	77.5	-1	-1	MW	6	5.9	-1	JS2004a
1852	6	3	-1	-1	-1	21.8	71.7	-1	-1	MW	3.3	3.2	-1	JS2004a
1852	10	22	-1	-1	-1	23.6	85.9	-1	-1	MW	3.3	3.2	-1	JS2004a
1853	2	26	-1	-1	-1	24	85	-1	-1	MW	3.3	3.2	-1	JS2004a
1853	11	-1	-1	-1	-1	39	76.2	-1	-1	~MS	5.5	5.7	-1	LEE1976a
1854	12	8	-1	-1	-1	18.9	72.9	-1	-1	MW	3.8	3.7	-1	JS2004a
1856	11	2	-1	-1	-1	23.2	69.9	-1	-1	MW	3.3	3.2	-1	JS2004a
1856	12	25	-1	-1	-1	20	73	-1	-1	MW	4.7	4.6	-1	JS2004a
1858	3	16	-1	-1	-1	21.5	87	-1	-1	MW	4.2	4.1	-1	JS2004a
1858	8	13	-1	-1	-1	11.4	76	-1	-1	MW	4.7	4.6	-1	JS2004a
1858	8	24	-1	-1	-1	17.8	83.4	-1	-1	MW	3.3	3.2	-1	JS2004a
1858	10	3	-1	-1	-1	19.5	85.1	-1	-1	MW	3.3	3.2	-1	JS2004a
1858	10	12	-1	-1	-1	18.3	84	-1	-1	MW	4.2	4.1	-1	JS2004a
1858	12	30	-1	-1	-1	12.4	78.4	-1	-1	MW	4.2	4.1	-1	JS2004a
1858	12	31	-1	-1	-1	21	75	-1	-1	MW	3.3	3.2	-1	JS2004a
1859	1	3	-1	-1	-1	12.5	79	-1	-1	MW	4.2	4.1	-1	JS2004a
1859	7	21	-1	-1	-1	16.3	80.5	-1	-1	MW	4.2	4.1	-1	JS2004a
1859	8	24	-1	-1	-1	18.1	83.5	-1	-1	MW	3.8	3.7	-1	JS2004a
1859	12	17	-1	-1	-1	11.6	78.1	-1	-1	MW	3.8	3.7	-1	JS2004a
1859	12	17	-1	-1	-1	12.5	78.6	-1	-1	MW	3.8	3.7	-1	JS2004a
1860	1	17	-1	-1	-1	11.9	78.2	-1	-1	MW	3.8	3.7	-1	JS2004a
1860	2	2	-1	-1	-1	13.7	79.4	-1	-1	MW	4.2	4.1	-1	JS2004a
1860	2	25	-1	-1	-1	19.4	84.9	-1	-1	MW	4.2	4.1	-1	JS2004a
1860	4	27	-1	-1	-1	21.2	72.9	-1	-1	MW	3.2	3.1	-1	JS2004a
1861	2	16	-1	-1	-1	22.6	88.4	-1	-1	MW	4.9	4.8	-1	JS2004a
1861	3	4	-1	-1	-1	11.9	78.2	-1	-1	MW	4.2	4.1	-1	JS2004a
1861	4	18	-1	-1	-1	22.6	88.4	-1	-1	MW	3.8	3.7	-1	JS2004a
1861	7	24	-1	-1	-1	16.4	79.3	-1	-1	MW	3.8	3.7	-1	JS2004a
1861	7	31	-1	-1	-1	25.4	83	-1	-1	MW	4.7	4.6	-1	JS2004a
1861	11	13	-1	-1	-1	18.1	83.4	-1	-1	MW	3.3	3.2	-1	JS2004a
1862	1	13	-1	-1	-1	16.4	79.3	-1	-1	MW	3.8	3.7	-1	JS2004a
1862	2	-1	-1	-1	-1	25.7	100.2	-1	-1	~MS	5.5	5.7	-1	LEE1976a
1862	11	18	-1	-1	-1	20.9	74.8	-1	-1	MW	3.8	3.7	-1	JS2004a
1863	6	-1	-1	-1	-1	26	100.1	-1	-1	~MS	5.5	5.7	-1	LEE1976a
1863	11	18	-1	-1	-1	21.8	75.3	-1	-1	MW	5.2	5.1	-1	JS2004a
1864	1	5	-1	-1	-1	10.8	78.7	-1	-1	MW	3.8	3.7	-1	JS2004a
1864	4	29	-1	-1	-1	22.3	72.8	-1	-1	MW	4.6	4.5	-1	JS2004a
1864	8	30	-1	-1	-1	25.6	85.2	-1	-1	MW	4.2	4.1	-1	JS2004a
1865	6	4	-1	-1	-1	12.3	76.6	-1	-1	MW	3.8	3.7	-1	JS2004a
1865	6	24	-1	-1	-1	10.8	76.8	-1	-1	MW	3.8	3.7	-1	JS2004a
1865	8	2	-1	-1	-1	12.7	78.7	-1	-1	MW	4.2	4.1	-1	JS2004a
1865	12	20	-1	-1	-1	24.4	88.7	-1	-1	MW	3.8	3.7	-1	JS2004a
1865	12	25	-1	-1	-1	23.4	88.5	-1	-1	MW	4.7	4.6	-1	JS2004a
1865	12	31	-1	-1	-1	18.9	72.9	-1	-1	MW	3.8	3.7	-1	JS2004a
1866	1	23	-1	-1	-1	21.8	87.8	-1	-1	MW	4.7	4.6	-1	JS2004a
1866	5	23	-1	-1	-1	25	87	-1	-1	MW	5.3	6.0-7.0	-1	JS2004a
1867	1	3	-1	-1	-1	16.1	79.6	-1	-1	MW	3.8	3.7	-1	JS2004a
1867	3	11	-1	-1	-1	16	80.3	-1	-1	MW	3.8	3.7	-1	JS2004a
1867	7	3	-1	-1	-1	12	79.6	-1	-1	MW	5.6	5.5	-1	JS2004a
1868	7	31	-1	-1	-1	24	85.4	-1	-1	MW	4.2	4.1	-1	JS2004a
1868	9	30	-1	-1	-1	24	85	-1	-1	MW	4.9	4.8	-1	JS2004a
1868	11	16	-1	-1	-1	23.1	79	-1	-1	MW	3.3	3.2	-1	JS2004a
1869	1	10	-1	-1	-1	25.5	93	-1	-1	~MS	7.4	7.4	0.2	B1999a
1869	6	9	-1	-1	-1	22.6	88.4	-1	-1	MW	4.2	4.1	-1	JS2004a
1869	7	4	-1	-1	-1	20.2	74.2	-1	-1	MW	3.8	3.7	-1	JS2004a
1869	7	12	-1	-1	-1	20.9	74.8	-1	-1	MW	3.8	3.7	-1	JS2004a
1869	9	1	-1	-1	-1	14.5	80.8	-1	-1	MW	4.2	4.1	-1	JS2004a
1869	12	19	-1	-1	-1	17.9	82.3	-1	-1	MW	3.8	3.7	-1	JS2004a
1870	4	11	-1	-1	-1	30	99	-1	-1	~MS	7.3	7.3	-1	NGDC
1870	10	28	-1	-1	-1	25.8	68.8	-1	-1	MW	4.2	4.1	-1	JS2004a
1870	12	19	-1	-1	-1	17.7	83.4	-1	-1	MW	3.8	3.7	-1	JS2004a
1871	1	1	-1	-1	-1	24.2	72.2	-1	-1	MW	4.2	4.1	-1	JS2004a
1871	1	31	-1	-1	-1	21.2	72.9	-1	-1	MW	3.8	3.7	-1	JS2004a
1871	2	15	-1	-1	-1	22.6	88.4	-1	-1	MW	3.3	3.2	-1	JS2004a
1871	7	27	-1	-1	-1	21.2	72.9	-1	-1	MW	3.3	3.2	-1	JS2004a
1871	9	27	-1	-1	-1	18.3	84	-1	-1	MW	3.3	3.2	-1	JS2004a
1871	12	23	18	-1	-1	37.4	58.4	-1	-1	MS	7.2	7.1	-1	AB2003a
1872	1	6	-1	-1	-1	37.3	58.3	15	-1	~MS	6.3	6.3	-1	NGDC
1872	4	14	-1	-1	-1	21.7	72.2	-1	-1	MW	4.7	4.6	-1	JS2004a
1872	6	1	-1	-1	-1	21.6	72.9	-1	-1	MW	3.3	3.2	-1	JS2004a
1872	7	12	-1	-1	-1	20.9	74.8	-1	-1	MW	3.3	3.2	-1	JS2004a
1872	10	22	-1	-1	-1	21.6	73	-1	-1	MW	3.3	3.2	-1	JS2004a
1872	11	22	-1	-1	-1	18.8	80	-1	-1	MW	4.7	4.6	-1	JS2004a
1874	10	18	-1	-1	-1	35.1	69.2	-1	-1	MS	7	6.9	-1	AB2003a
1875	1	2	-1	-1	-1	15.5	80	-1	-1	MW	3.3	3.2	-1	JS2004a
1876	7	3	-1	-1	-1	24.6	73.8	-1	-1	MW	3.3	3.2	-1	JS2004a
1876	8	5	-1	-1	-1	25.4	99.4	-1	-1	~MS	6	6.1	-1	LEE1976a
1876	11	1	-1	-1	-1	17.5	78.5	-1	-1	MW	4.7	4.6	-1	JS2004a
1877	12	1	-1	-1	-1	18.9	72.9	-1	-1	MW	3.8	3.7	-1	JS2004a
1878	3	2	-1	-1	-1	34	73.2	-1	-1	~MS	6.7	6.8	0.3	ASC2009a
1878	8	7	-1	-1	-1	27.7	100.7	-1	-1	~MS	5.5	5.7	-1	LEE1976a
1878	12	1	-1	-1	-1	18.3	84	-1	-1	MW	3.8	3.7	-1	JS2004a
1879	4	2	-1	-1	-1	37.5	57.4	15	-1	~MS	6.7	6.6	-1	NGDC
1879	4	28	-1	-1	-1	13.8	77.8	-1	-1	MW	3.8	3.7	-1	JS2004a
1879	6	17	-1	-1	-1	12.8	77.9	-1	-1	MW	3.8	3.7	-1	JS2004a
1879	7	30	-1	-1	-1	22.5	75.8	-1	-1	MW	3.3	3.2	-1	JS2004a
1879	11	23	-1	-1	-1	24.6	98.7	-1	-1	~MS	5	5.4	-1	LEE1976a
1881	12	10	-1	-1	-1	24	85.4	-1	-1	MW	3.3	3.2	-1	JS2004a
1881	12	27	-1	-1	-1	22.3	70.8	-1	-1	MW	3.3	3.2	-1	JS2004a
1881	12	31	-1	-1	-1	9.25	92.7	-1	-1	~MS	7.9	7.9	0.1	B2005a
1881	12	31	-1	-1	-1	10.8	92.55	-1	-1	MW	7	7	0.1	B2005a
1882	2	28	-1	-1	-1	11.5	76.7	-1	-1	MW	5.6	5.5	-1	JS2004a
1882	4	1	-1	-1	-1	13	77.5	-1	-1	MW	3.8	3.7	-1	JS2004a
1882	6	10	-1	-1	-1	23.2	71.4	-1	-1	MW	3.8	3.7	-1	JS2004a
1882	6	27	-1	-1	-1	23.4	70.6	-1	-1	MW	3.3	3.2	-1	JS2004a
1882	12	15	-1	-1	-1	24.9	72.7	-1	-1	MW	6.1	6	-1	JS2004a
1883	7	27	-1	-1	-1	21.2	79.2	-1	-1	MW	3.8	3.7	-1	JS2004a
1883	10	6	-1	-1	-1	24	85.4	-1	-1	MW	3.3	3.2	-1	JS2004a
1883	10	20	-1	-1	-1	21.7	72	-1	-1	MW	3.3	3.2	-1	JS2004a
1884	2	5	-1	-1	-1	22.5	74.2	-1	-1	MW	3.3	3.2	-1	JS2004a
1885	5	30	-1	-1	-1	34.12	74.61	-1	-1	~MS	7	6.3	0.3	GSI;AD2004a
1885	7	5	-1	-1	-1	37.7	75.1	-1	-1	~MS	6	6.1	-1	LEE1976a
1885	7	14	-1	-1	-1	24.5	90	-1	-1	~MS	6.8	6.8	-1	ASC2009a
1885	7	24	-1	-1	-1	25	89.2	-1	-1	MW	4.9	4.8	-1	JS2004a
1885	8	1	-1	-1	-1	23.2	87.7	-1	-1	MW	3.8	3.7	-1	JS2004a
1885	8	21	-1	-1	-1	25.4	86.5	-1	-1	MW	3.8	3.7	-1	JS2004a
1886	2	1	-1	-1	-1	24.3	88.3	-1	-1	MW	3.3	3.2	-1	JS2004a
1886	2	12	-1	-1	-1	14.5	75.4	-1	-1	MW	3.3	3.2	-1	JS2004a
1886	4	14	-1	-1	-1	22.5	70.1	-1	-1	MW	3.3	3.2	-1	JS2004a
1886	5	3	-1	-1	-1	16.6	74.3	-1	-1	MW	3.3	3.2	-1	JS2004a
1886	5	19	-1	-1	-1	23.2	87.7	-1	-1	MW	4.2	4.1	-1	JS2004a
1887	11	11	-1	-1	-1	22.3	70.9	-1	-1	MW	3.3	3.2	-1	JS2004a
1888	12	23	-1	-1	-1	22.6	88.4	-1	-1	MW	4.2	4.1	-1	JS2004a
1888	12	24	-1	-1	-1	24.3	88.3	-1	-1	MW	3.3	3.2	-1	JS2004a
1889	1	27	-1	-1	-1	19.4	84.9	-1	-1	MW	3.3	3.2	-1	JS2004a
1889	3	31	-1	-1	-1	12.9	74.8	-1	-1	MW	3.8	3.7	-1	JS2004a
1889	5	12	-1	-1	-1	25.6	88.7	-1	-1	MW	3.3	3.2	-1	JS2004a
1889	8	12	-1	-1	-1	13.1	80.3	-1	-1	MW	3.8	3.7	-1	JS2004a
1889	11	10	-1	-1	-1	19.1	84.6	-1	-1	MW	3.8	3.7	-1	JS2004a
1890	3	3	-1	-1	-1	22.9	88.4	-1	-1	MW	3.3	3.2	-1	JS2004a
1890	4	22	-1	-1	-1	26.5	99.9	-1	-1	~MS	5.5	5.7	-1	LEE1976a
1890	5	17	-1	-1	-1	25.1	84.2	-1	-1	MW	3.3	3.2	-1	JS2004a
1890	9	27	-1	-1	-1	22.5	74.4	-1	-1	MW	3.3	3.2	-1	JS2004a
1890	10	6	-1	-1	-1	27.3	100.3	-1	-1	~MS	5	5.4	-1	LEE1976a
1891	2	17	-1	-1	-1	13.1	79.5	-1	-1	MW	3.8	3.7	-1	JS2004a
1891	5	16	-1	-1	-1	19.1	73	-1	-1	MW	3.3	3.2	-1	JS2004a
1891	7	8	-1	-1	-1	24	89.3	-1	-1	MW	3.3	3.2	-1	JS2004a
1891	7	10	-1	-1	-1	22.5	88.3	-1	-1	MW	3.8	3.7	-1	JS2004a
1891	7	27	-1	-1	-1	21.3	71.4	-1	-1	MW	3.3	3.2	-1	JS2004a
1892	2	19	-1	-1	-1	24	85	-1	-1	MW	4.2	4.1	-1	JS2004a
1892	5	6	-1	-1	-1	13.1	80.3	-1	-1	MW	3.3	3.2	-1	JS2004a
1892	12	20	20	-1	-1	30.9	66.5	-1	-1	MW	6.8	6.8	-1	AM2000a
1893	2	13	4	-1	-1	30.7	67.4	-1	-1	MS	5.9	6	-1	AB2003a
1893	11	17	15	-1	-1	37.1	58.4	-1	-1	MS	7.1	7	-1	AB2003a
1894	1	1	-1	-1	-1	25.5	81.8	-1	-1	MW	3.3	3.2	-1	JS2004a
1895	1	17	8	30	-1	37.1	58.4	-1	-1	~MS	6.8	6.7	-1	NGDC
1895	1	17	11	0	0	37.1	58.4	-1	-1	MS	6.8	6.7	-1	AB2003a
1895	7	11	-1	-1	-1	25.3	100.3	-1	-1	~MS	4.8	5.2	-1	LEE1976a
1896	1	3	-1	-1	-1	13.5	74.8	-1	-1	MW	3.8	3.7	-1	JS2004a
1896	2	12	-1	-1	-1	26.8	100.2	-1	-1	~MS	5.5	5.7	-1	LEE1976a
1896	3	5	-1	-1	-1	38	76	-1	-1	~MS	6.5	6.4	-1	NGDC
1896	4	30	-1	-1	-1	19	73.5	-1	-1	MW	3.3	3.2	-1	JS2004a
1896	11	1	5	1	-1	39.7	75.9	25	-1	~MS	6.6	6.5	-1	NGDC
1897	1	11	3	-1	-1	26.95	56.26	33	-1	~MS	6.1	6.1	-1	NGDC
1897	6	12	11	6	-1	26	91	35	-1	~MS	8.1	8.1	0.1	BE2001a
1897	6	22	-1	-1	-1	19.4	84.9	-1	-1	MW	4.7	4.6	-1	JS2004a
1898	4	4	-1	-1	-1	25.5	85.4	-1	-1	MW	3.3	3.2	-1	JS2004a
1898	6	1	-1	-1	-1	17	82.3	-1	-1	MW	3.3	3.2	-1	JS2004a
1898	6	21	-1	-1	-1	39.5	76	-1	-1	~MS	5.5	5.7	-1	LEE1976a
1898	8	1	-1	-1	-1	25.6	85.1	-1	-1	MW	3.3	3.2	-1	JS2004a
1898	10	1	-1	-1	-1	23.1	72.7	-1	-1	MW	3.8	3.7	-1	JS2004a
1898	10	9	-1	-1	-1	20.1	85.4	-1	-1	MW	3.3	3.2	-1	JS2004a
1898	10	15	-1	-1	-1	15.9	74.6	-1	-1	MW	3.8	3.7	-1	JS2004a
1898	11	17	15	6	-1	37.2	58.4	11	-1	~MS	6.6	6.5	-1	NGDC
1899	9	17	-1	-1	-1	25.6	88.6	-1	-1	MW	3.3	3.2	-1	JS2004a
